"","Cancer","Ductal","mDCs","Macrophages","Mast","Monocytes"
"0x0",0.716328784192579,0.0221636171662481,0.114352154061149,0,0.136831321160588,0.010324123419436
"0x1",0.660909046263033,0.00543626708112169,0.21322175380247,0.000100791241222546,0.0847478095812581,0.0355843320308945
"0x2",0.769001462156625,0.160216516222442,0.0287027435314079,0,0.0308176396560922,0.0112616384334322
"0x3",0.645810365770201,0,0.170949640453083,0.0189354738666762,0.121554145759592,0.0427503741504477
"0x4",0.868081718245093,0,0,0.00924058224824447,0.0767933979655462,0.0458843015411159
"0x5",0.889677496268777,0.00909048874677278,0.00657427382165393,0,0.0797452636259603,0.0149124775368365
"0x6",0.817169708983724,0.0666308911679831,0,0,0.116199399848293,0
"0x7",0.807085080173543,0.0811675948230468,0.00912837298665808,0.00671460523575584,0.0954571657544867,0.000447181026509852
"0x8",0.919782807223579,0.0665478965653125,0,0,0.0119649445030272,0.00170435170808169
"0x9",0.860718286663732,0.0736044596462605,0,0,0.0656772536900076,0
"0x10",0.899078066592451,0,0.0638324981409649,0.00902309145963368,0.0197774668068466,0.00828887700010421
"0x11",0.835870730942978,0.109861156386624,0,0,0.0542681126703971,0
"0x12",0.949734042687376,0.000390297984843336,0,0.000730282945493702,0.0305251437217711,0.018620232660516
"0x13",0.805377733345635,0.170320650413828,0,0,0.0243016162405369,0
"0x14",0.887297618837321,0.0520210139475008,0,0,0.0606813672151779,0
"0x15",0.864830927659904,0.0481735624393363,0.022184520259783,0.00699596065653359,0.0501423464879389,0.00767268249650421
"0x16",0.835856397368486,0.0594985269745929,0,0.000733147053815945,0.0990042102180825,0.0049077183850227
"0x17",0.732619148530387,0.116342819538485,0,0,0.14295593700419,0.00808209492693787
"0x18",0.572270346949923,0.268387229930235,0.0190342038687776,0.026526828444097,0.0970413577429174,0.0167400330640498
"0x19",0.821557160401122,0.0245798415551975,0.00367511222693675,0.0141468469655983,0.123543366626864,0.0124976722242819
"0x20",0.784779439546066,0.0825563168678903,0,0,0.0850754571242779,0.0475887864617654
"0x21",0.681843291854063,0.0105834092882875,0.130211116232714,0.00600280239654054,0.157811737693726,0.0135476425346687
"0x22",0.64456252905526,0.194142644726352,0,0.0144171487948539,0.0874017576721297,0.059475919751404
"0x23",0.437616761416783,0.241182486454126,0.160755107527828,0.0639734187285718,0.0506836289009186,0.0457885969717732
"0x24",0.730400175456721,0.0931102280003027,0,0.01340285982379,0.14070571468767,0.0223810220315165
"0x25",0.408946198606506,0.29833239275084,0.157829894881025,0.0140051468511605,0.0805885401931838,0.0402978267172836
"0x26",0.624676300321736,0.121171493090456,0.0759598061674397,0,0.150189710837525,0.0280026895828433
"0x27",0.568648709410368,0.0977423528431933,0.111375790596687,0.0506052617905094,0.139515300566492,0.0321125847927508
"0x28",0.444631413730543,0.120840451677557,0.149419461551418,0.00997611741502956,0.20524043529698,0.0698921203284729
"0x29",0.356761099420426,0.199254663367692,0.311984307053286,0,0.0753745027199036,0.0566254274386928
"0x30",0.400901692923158,0.328458579744008,0.0299754569764506,0.116751202116233,0.109747966663586,0.0141651015765637
"0x31",0.656681810096737,0.0418777450728751,0.157604721038146,0.0166358848969093,0.111771590046057,0.0154282488492754
"0x32",0.432126146330786,0.141169866026465,0.235520530792552,0.0301126642827893,0.103052876824729,0.058017915742679
"0x33",0.712995733731112,0.0631820821682417,0.13125633314265,0,0.0840736339097922,0.00849221704820408
"0x34",0.504440178087637,0.0292580546498483,0,0.0374933032248322,0.383138969413921,0.0456694946237622
"0x35",0.394317086347563,0.0248251625417923,0.281650170333064,0.000453718387840521,0.207421239370812,0.0913326230189275
"0x36",0.49281391427853,0.113831868331331,0,0.0632354279692643,0.288091018737475,0.0420277706833996
"0x37",0.379001711909177,0.215561169820851,0.0634841413756155,0.103569556797336,0.18786400539248,0.0505194147045405
"0x38",0.494110651807843,0.253128835166157,0.00196953662414507,0.0954487416508012,0.0747160009358323,0.080626233815222
"0x39",0.236602887167464,0.320157477697737,0.27128682742454,0,0.131835745125259,0.0401170625850012
"0x40",0.553464206281248,0.172861082419925,0.0688452393825937,0.0742494477066601,0.123414342744514,0.00716568146506015
"0x41",0.19828599136035,0.224685043414573,0.270893871851461,0.0324574833983875,0.146768426581423,0.126909183393806
"0x42",0.291713944673569,0.189031832222467,0.172598769716947,0.0152151250585377,0.262718365676675,0.0687219626518042
"0x43",0.463171392620744,0.190370945213192,0.105000736604183,0.0665758293135917,0.126266037393768,0.0486150588545212
"0x44",0.211571827462642,0.426367283261816,0.0956043421909127,0.0461014340739513,0.196623434833678,0.023731678177001
"0x45",0.485451201633786,0.151465909026149,0.0890344660100566,0.100375884291611,0.149528691529871,0.0241438475085265
"0x46",0.387503335036268,0.241031803519686,0.0617574590245583,0.0465201271079547,0.227485543724775,0.0357017315867571
"0x47",0.227240785512167,0.350341033661454,0.187162798838437,0.00428938756771135,0.179962341397477,0.0510036530227534
"0x48",0.356851331697903,0.243105731802672,0.155904247534494,0.035136257370685,0.137626424158972,0.0713760074352741
"0x49",0.431686183167335,0.289150182787687,0.0959407680140024,0.0822510380964142,0.075289606752256,0.0256822211823062
"1x0",0.853537079870087,0.0668531492133436,0.00271537125938187,0.030351800954125,0.046542598703063,0
"1x1",0.702081820194588,0.22666814175445,0.0158462470056846,0.00701544170610579,0.0483883493391722,0
"1x2",0.783289831540187,0.0428181882540308,0.0492103566504673,0.0603149511663706,0.0643666723889442,0
"1x3",0.698230168035142,0.0819269115080738,0.12572130816938,0.0116618284288233,0.0648317214980834,0.0176280623604983
"1x4",0.881652246060274,0.11721174011191,0.0011360138278163,0,0,0
"1x5",0.911852257325546,0,0,0,0.0802441293789226,0.00790361329553158
"1x6",0.878894625933948,0.0408508630691819,0,0,0.0802545109968704,0
"1x7",0.896333377263659,0.01547597116765,0,0,0.0881906515686912,0
"1x8",0.785113094372489,0.140245732393353,0,0,0.0746411732341584,0
"1x9",0.953686618464711,0.0113036204859281,0,0,0.0347178023411672,0.00029195870819389
"1x10",0.410194929835125,0,0.316327227489613,0.0808213683555505,0.121905583560386,0.0707508907593257
"1x11",0.814947748872116,0.129948357787825,0.0110254533099722,0,0.036877679889299,0.00720076014078802
"1x12",0.645804702862966,0.268514956635483,0.0224233745677954,0,0.055838611072759,0.00741835486099725
"1x13",0.853608281450696,0.0180949719613651,0.0211596810314652,0,0.0786641436187816,0.0284729219376925
"1x14",0.869231433993788,0.0244875815481293,0,0,0.0694213912512024,0.0368595932068806
"1x15",0.819861671818779,0.139224007501817,0,0.0399492164149997,0.000965104264404535,0
"1x16",0.651747864567626,0.0450009565671604,0,0,0.26177131988515,0.041479858980064
"1x17",0.902313129075692,0.00922535096990582,0.0130489051887733,0.0210534409793722,0.0543591737862567,0
"1x18",0.783985476815835,0.0628202408558103,0.0079041630076595,0.0179520276426556,0.119238328872915,0.00809976280512483
"1x19",0.831340614293324,0.0209772529363195,0.0516307886070133,0.0333845036321656,0.0510289382172013,0.0116379023139767
"1x20",0.645351778470677,0.0776517869435472,0.161604069878162,0.00315118820061638,0.0779375199562778,0.0343036565507198
"1x21",0.620207729093475,0.253587566362628,0,0,0.0759225855497733,0.0502821189941235
"1x22",0.565556122528939,0.15241386468547,0.04368051619798,0,0.215161805753997,0.0231876908336138
"1x23",0.686206449312742,0,0.154463128239724,0.0321799648182587,0.0974237809657825,0.0297266766634929
"1x24",0.735720169187931,0.00927725982062248,0.119452028709927,0.0254761427009566,0.0971635134029382,0.0129108861776248
"1x25",0.643301946403614,0.00271407366741817,0.112576354975873,0.0541465674322401,0.152845255283775,0.0344158022370802
"1x26",0.70324233911332,0.0468177991778952,0,0.0220676108645152,0.0855658753145137,0.142306375529756
"1x27",0.439399931463349,0.179866654567579,0.182880081865435,0,0.140124892976736,0.0577284391269006
"1x28",0.5417947023009,0.211370220833641,0.0783196676459515,0.078571324543057,0.0535476328513269,0.0363964518251233
"1x29",0.169667942134082,0.49160905494763,0.0315914020822936,0.0822655613242723,0.130815664070968,0.0940503754407545
"1x30",0.432109161636484,0.125245266845289,0.219034967145403,0.0624800916035818,0.13813456992829,0.0229959428409523
"1x31",0.522589130292669,0.0630702473600182,0.128802678933283,0.0176107340952065,0.163260166707017,0.104667042611807
"1x32",0.362335319008864,0.249330080110119,0.193214193286604,0.0372481305893043,0.110197735213735,0.0476745417913741
"1x33",0.513871763266749,0.0817422644989822,0.282730982774835,0,0.0923502080654158,0.0293047813940177
"1x34",0.419627605566215,0.189180888599858,0.0964858252752157,0.00743884665461366,0.238739861208445,0.0485269726956524
"1x35",0.422233449022848,0.148412061012447,0.204549029642998,0.0575529903347377,0.144281766639602,0.0229707033473668
"1x36",0.58592750974726,0.131493432129008,0,0.111979248759163,0.164782939970966,0.00581686939360314
"1x37",0.353203547955305,0.278101728878985,0.054127980676612,0.0601155700225826,0.166824661337611,0.087626511128904
"1x38",0.449281654103374,0.194862589472503,0.184905781076703,0.00373860346543777,0.131018705499086,0.0361926663828962
"1x39",0.683069402892524,0.0273609783417332,0,0.055336954808173,0.175962080117594,0.0582705838399756
"1x40",0.361659291910668,0.066462462664684,0.21855874620453,0.0535732789490233,0.26313124222475,0.0366149780463452
"1x41",0.296952994053663,0.110320069690859,0.344703502439745,0.0894288902636615,0.11074728363793,0.0478472599141415
"1x42",0.32811727764731,0.235026146290237,0.298397572207015,0,0.0926105923019316,0.0458484115535068
"1x43",0.340498971737305,0.0657995032613634,0.279890971682775,0.0361292207821939,0.189423112634171,0.088258219902191
"1x44",0.239492549063276,0.265021289379439,0.333096685879171,0.0170265478889114,0.122089174299397,0.0232737534898051
"1x45",0.446967606179838,0.168909162862352,0.236203585645644,0.00146267684921214,0.0591945655312899,0.0872624029316638
"1x46",0.472973120839481,0.225189643030707,0,0.0482592498761485,0.171831209610208,0.0817467766434561
"1x47",0.346692231297645,0.241047849784241,0.192999031299502,0.111973297685235,0.0694143952626972,0.0378731946706795
"1x48",0.403968524168531,0.384337114079944,0.107366691183051,0.0292175670291882,0.0748358098541696,0.000274293685116327
"1x49",0.517284461230013,0.125695237639623,0.124930258954495,0.014965129519974,0.181961655312017,0.0351632573438769
"2x0",0.857299990088065,0.00100401542868166,0,0.0181119295940041,0.121378648308309,0.00220541658093971
"2x1",0.89165390014556,0,0.0600425123888064,0.00543617497550027,0.0425977052874803,0.000269707202652787
"2x2",0.824620155635108,0.12302316171563,0,0.0341629792715773,0.018193703377685,0
"2x3",0.904277140174962,0.0742123251392546,0,0,0.0215105346857838,0
"2x4",0.844560642648221,0.0910011407885808,0.00131256661161331,0,0.0515587238916927,0.0115669260598928
"2x5",0.760566284540861,0.0507398216682548,0.0820939415238811,0.0053368715406913,0.0932301791144469,0.00803290161186451
"2x6",0.530782420077326,0.00702357907598214,0.190787187312395,0.0454787021429239,0.170282113212092,0.0556459981792819
"2x7",0.953454810018988,0.00408435822783639,0,0,0.0424608317531756,0
"2x8",0.980296970174628,0.000267845444791975,0,0,0.0103719052422694,0.00906327913831056
"2x9",0.904648205281889,0,0,0,0.095351794718111,0
"2x10",0.943795136619354,0.00848249948254399,0,0.00144160483832757,0.0430175576964283,0.0032632013633465
"2x11",0.93952612393389,0.0235176082097135,0,0,0.0306778535340449,0.0062784143223514
"2x12",1,0,0,0,0,0
"2x13",0.245904829777526,0.0912862618691619,0.33120729741925,0.0649868067156754,0.146444446269607,0.120170357948779
"2x14",0.970518617208023,0.0046077986825532,0,0,0.0248735841094238,0
"2x15",0.95210450748624,0.0478954925137602,0,0,0,0
"2x16",0.757639393636623,0,0.105614730372296,0.00955461128631356,0.09090702446986,0.036284240234907
"2x17",0.854635076483282,0.0058197243844562,0.000363760633374582,0,0.139181438498887,0
"2x18",0.748607455763207,0.00159746280927025,0.0773111187385203,0.0324093975106682,0.124854796987347,0.0152197681909868
"2x19",0.582540153778006,0.276812118695785,0.0335854747628577,0,0.0704775007895907,0.03658475197376
"2x20",0.866576565164914,0,0.0206452945650305,0.0162240322964447,0.0849865486606264,0.0115675593129846
"2x21",0.591797287354245,0.144325564111175,0,0.0445772048107319,0.215190099490182,0.00410984423366609
"2x22",0.69888007653927,0.143920690397431,0,0.0459842045695803,0.0936353394102225,0.0175796890834969
"2x23",0.666998981632997,0.0705280138607964,0.110582719289207,0.055081388584797,0.0685409516981262,0.0282679449340768
"2x24",0.727200122668749,0.0363657781271671,0.000824481367013988,0.00864362551660171,0.205607949649198,0.0213580426712704
"2x25",0.552670135525093,0.147742305511003,0.191562329442476,0.00620208442920771,0.093629427751088,0.00819371734113136
"2x26",0.658840417811941,0.0757434119608117,0.1253638362567,0,0.128448999337423,0.0116033346331239
"2x27",0.633210438526676,0.0384174092893919,0.0174781024774166,0.119832245936087,0.153197388442388,0.0378644153280398
"2x28",0.254855864131323,0.102387307965211,0.0377127176515619,0.107694475005952,0.41835017666629,0.0789994585796621
"2x29",0.630172932680407,0.18258895843728,0.120734346300583,0.00031536589073918,0.0301564396155979,0.0360319570753924
"2x30",0.463610315512326,0.256926430522584,0,0.0632407709063034,0.150783968417108,0.0654385146416779
"2x31",0.397819278517797,0.156489143645103,0.167966003934878,0,0.194976776626463,0.0827487972757593
"2x32",0.384072589652589,0.294942790691272,0.117739165444363,0.060770053979995,0.0658844195600208,0.0765909806717601
"2x33",0.418149791037419,0.183869222754687,0.0208521597169003,0.108442633262634,0.239556046581525,0.0291301466468346
"2x34",0.555668719864152,0.0982857206076364,0.194913541014719,0,0.138945261913026,0.0121867566004678
"2x35",0.679372276374474,0.0695644494484046,0.162475992816352,0.0208579527106281,0.0414557673378928,0.026273561312248
"2x36",0.340721468643909,0.101233882732881,0.384877060765524,0,0.151882197007423,0.0212853908502632
"2x37",0.412903442905826,0.406379681882984,0.0309324071087458,0.03479519685286,0.106848326360338,0.00814094488924588
"2x38",0.391360638186438,0.136607747581206,0.173133837816148,0.0643170629841423,0.170098748327788,0.0644819651042782
"2x39",0.290320863785514,0.356215746873624,0.0953132519999569,0.0379889640392463,0.171658471050242,0.0485027022514172
"2x40",0.377827094663892,0.13534107545675,0.218341735027529,0.00710402121923813,0.158861854252194,0.102524219380396
"2x41",0.22994306186663,0.412832859057272,0.197952183033753,0.0370364724151729,0.0864318123670129,0.0358036112601591
"2x42",0.412894387664847,0.252742565926533,0.190250051895497,0.0100884315549346,0.096847558665271,0.0371770042929179
"2x43",0.232177656887229,0.158977894709093,0.381920486156007,0.0226280217636945,0.145527133653565,0.0587688068304116
"2x44",0.232289645141918,0.432245748642732,0.0969844914003938,0.00230760576126232,0.197844696733722,0.0383278123199723
"2x45",0.322348227486655,0.314107706933503,0.196570371111018,0.0400859451220027,0.108836274701907,0.0180514746449128
"2x46",0.290779123449038,0.16477464747535,0.214770380544376,0.0307624235548351,0.224289577121189,0.0746238478552116
"2x47",0.309619330071889,0.0835942796625244,0.266441036764474,0.0788554340030071,0.227649599244388,0.0338403202537172
"2x48",0.246292766701819,0.347749856446802,0.133942521385513,0.0286612658603878,0.198917970158771,0.0444356194467087
"2x49",0.331042728903328,0.266560367067654,0.124476671017897,0.0706356205427905,0.143470528624815,0.063814083843515
"3x0",0.830019491118421,0.0587145188756825,0,0.000603701143238641,0.095125584030844,0.0155367048318138
"3x1",0.922412279987578,0.0756310346015235,0,0,0.00155644109821,0.000400244312688267
"3x2",0.959788835761591,0.0168977993046496,0,0,0.0233133649337592,0
"3x3",0.904221849384512,0.0690819773050422,0,0,0.0266961733104459,0
"3x4",0.955397355328362,0,0,0.00158142493758821,0.0430212197340496,0
"3x5",0.914963546685013,0,0,0,0.0850364533149869,0
"3x6",0.983720366317091,0,0,0,0.0162796336829091,0
"3x7",0.939942089548086,0,0.00345733756812563,0,0.0561479570849648,0.000452615798823459
"3x8",0.517664440039867,0,0.259142968855987,0.0459973814385202,0.123238614131135,0.0539565955344903
"3x9",0.922227079482798,0,0,0.00152557998737578,0.0762473405298266,0
"3x10",0.973998691556957,0.0131407963619515,0,0,0,0.0128605120810919
"3x11",0.964340906954875,0,0,0,0.0356590930451246,0
"3x12",0.839263606542841,0,0.0240838154798102,0,0.114926895252311,0.0217256827250372
"3x13",0.987166467344272,0,0.00371713510407649,0,0.00911639755165103,0
"3x14",0.686886839473297,0.00919804688587243,0.178027468322246,0.0155876445521268,0.0917539712986706,0.0185460294677869
"3x15",0.950846676701887,0.00023840425289089,0,0,0.0405282530478072,0.00838666599741507
"3x16",0.938832762708258,0,0.00081012246850556,0,0.0457229662479606,0.0146341485752757
"3x17",0.860967109901586,0.00631010348091977,0,0,0.132722786617494,0
"3x18",0.82861298912305,0.0317476333131266,0,0,0.112910595168196,0.0267287823956276
"3x19",0.950206847438018,0,0.00164098866473453,0.0321130783935515,0,0.0160390855036962
"3x20",0.838626385960195,0.00167415032565502,0,0.0715965081861105,0.0835549924565382,0.00454796307150111
"3x21",0.503388685318776,0.14582070706999,0.0339038395698538,0,0.273475842894257,0.0434109251471235
"3x22",0.887249730687727,0,0,0.0591796984286469,0.048583596727711,0.00498697415591484
"3x23",0.769497898320456,0.0363595538845124,0,0.0496351083126832,0.136664638339574,0.00784280114277517
"3x24",0.52323480181797,0.116352830225021,0.204411728879031,0.0213602919205858,0.110904490205088,0.0237358569523045
"3x25",0.328491826326252,0.177311969581299,0.221140798077249,0.0170992484948617,0.229986259140898,0.0259698983794409
"3x26",0.409964826775047,0.15999611364481,0.25804415270747,0.0679215990090777,0.0975388366810919,0.00653447118250373
"3x27",0.526755894400947,0.188524002065333,0,0.0458601224958773,0.173430375254005,0.0654296057838373
"3x28",0.426302659101562,0.31216116298622,0.0840339472723683,0.0829211885124489,0.0939437197483924,0.000637322379009225
"3x29",0.565944643168989,0.0746317567932309,0.250042983308542,0.000443123272042136,0.0727351341725122,0.0362023592846841
"3x30",0.406667202737649,0.0882296704399384,0.283381866997492,0.0323328272585536,0.125472473526214,0.0639159590401518
"3x31",0.443515339368763,0.0953312513588609,0.181230240014999,0.0799547841709191,0.164795616381933,0.0351727687045242
"3x32",0.614164222274705,0.114992233031449,0.096817547127599,0,0.132759102823706,0.0412668947425411
"3x33",0.488159696089634,0.0226634843605058,0.353626209690255,0.0164853225433245,0.0795204347817732,0.0395448525345067
"3x34",0.228997966597669,0.158222107556995,0.291899911615916,0.0490543704212449,0.166496391842451,0.105329251965724
"3x35",0.238848701903689,0.245511569369305,0.200071997490395,0.0541428487125771,0.16266933921338,0.0987555433106536
"3x36",0.531705155142638,0.17415624241773,0.0945295142478585,0.0430412463914293,0.10826581014552,0.0483020316548236
"3x37",0.332758282386719,0.235362416015496,0.169247280546983,0.0314517155289305,0.185597760874646,0.045582544647225
"3x38",0.413448693404963,0.205775376525675,0.172887627373303,0.125729269027974,0.0568360308398578,0.025323002828228
"3x39",0.316558494112531,0.149554572966779,0.226146366908756,0.0249437106400134,0.238808603610923,0.0439882517609977
"3x40",0.236152082080233,0.193450965722141,0.139342617194761,0.180561187133271,0.229705335029598,0.0207878128399955
"3x41",0.33595335335676,0.183127427968265,0.238090159971655,0.0359629570176842,0.156058277833298,0.050807823852338
"3x42",0.37742929181109,0.165688614829826,0.25267241815091,0.0772619633586908,0.0869434628735108,0.0400042489759714
"3x43",0.358124093136837,0.16529040562307,0.175757109742003,0.0263097833930048,0.216171615046487,0.058346993058599
"3x44",0.418343500828362,0.329142497115687,0,0.0241887124614004,0.131060073624425,0.0972652159701243
"3x45",0.459435763830109,0.276705805592404,0.0819756094390848,0.0779101295043025,0.00954935298811642,0.0944233386459833
"3x46",0.482073353728798,0.134323050681142,0.0789540177974621,0.0274994905655232,0.201881641884471,0.0752684453426039
"3x47",0.413165010722075,0.297458877933392,0,0.119888606234222,0.141882350303213,0.0276051548070981
"3x48",0.684190871467116,0.0776351124266891,0.00839891368202099,0.0132639726890836,0.11036883982994,0.10614228990515
"3x49",0.306096755020464,0.229756602416171,0.226188266134197,0.0192166720802714,0.180577199119866,0.0381645052290303
"4x0",0.736916370214534,0.187656246448125,0,0,0.0754273833373409,0
"4x1",0.783015406764479,0.0748638517083599,0.0798670350139913,0.0266299393313067,0.0356237671818632,0
"4x2",0.62623642696615,0.212334471266014,0.0498771457775565,0.00099709626073796,0.109764599744137,0.000790259985404791
"4x3",0.846109623635015,0.0851241090090716,0,0,0.0582581425010356,0.0105081248548778
"4x4",0.960461893595961,0.0395381064040388,0,0,0,0
"4x5",0.950067298406553,0.0244810395871107,0,0,0.0254516620063364,0
"4x6",0.97126162124142,0,0,0,0.0287383787585801,0
"4x7",0.899500529897247,0.0362047365747375,0,0,0.0642947335280157,0
"4x8",0.997137418471485,0.00286258152851516,0,0,0,0
"4x9",0.918056148614682,0.0567208339432896,0,0,0.0252230174420287,0
"4x10",0.928111222999551,0,0,0,0.0718887770004488,0
"4x11",1,0,0,0,0,0
"4x12",0.938106333653774,0.0218217756194419,0,0,0.0400718907267839,0
"4x13",0.987539738309178,0.00387222562927261,0,0,0.0069830014692104,0.00160503459233904
"4x14",0.956384860674492,0.016541379603566,0,0,0.0270737597219418,0
"4x15",0.894031801715949,0.0721105020198218,0,0,0.033857696264229,0
"4x16",0.91372711568457,0.0172154383642025,0,0,0.069057445951228,0
"4x17",0.91521233859547,0.026626850574862,0,0.0147765248395816,0.00524582577996381,0.038138460210123
"4x18",0.900237606255745,0,0,0,0.0759170765845717,0.0238453171596836
"4x19",0.709732632750421,0.127130072962997,0.0344350030796403,0.021388214036413,0.0958550217150966,0.011459055455432
"4x20",0.94277550251117,0,0,0.0214329566731207,0.033602353199251,0.00218918761645852
"4x21",0.751628619830775,0.0516713850788898,0.0782504845689512,0.00153698310741364,0.0767650015965183,0.0401475258174526
"4x22",0.66364314788559,0.171747476693499,0.0873829686463335,0.0188124208644934,0.0582579455645426,0.00015604034554102
"4x23",0.580684587450585,0.0526521211500672,0.264191232648195,0,0.0793245350010495,0.023147523750103
"4x24",0.577377412815981,0.137585754045496,0.0453172468907909,0.00796791862173194,0.193395560650596,0.0383561069754041
"4x25",0.614815319313028,0.100410165286701,0.149655784289499,0.064015400546198,0.0579469356430993,0.0131563949214745
"4x26",0.441191784591205,0.111620388240564,0.282649729477493,0,0.113445750292457,0.0510923473982808
"4x27",0.643972495356763,0.044037775863088,0.157043483855641,0.0330884214072299,0.0766532026871153,0.0452046208301619
"4x28",0.472458813073357,0.182294717535807,0.191470110180236,0.0199005208962429,0.104733326470403,0.0291425118439538
"4x29",0.348618497736516,0.055277774541426,0.297177629270391,0.0447229374788183,0.207423758710823,0.0467794022620253
"4x30",0.412169118257905,0.16737071239206,0.128298142678991,0.00853515941450139,0.183205804293933,0.100421062962608
"4x31",0.0309737136331169,0.585108210992862,0.209114509229852,0.0364680655215174,0.115052070247222,0.0232834303754299
"4x32",0.227857553089245,0.286854819923735,0.237585378686141,0.0161428714158261,0.10544721362639,0.126112163258662
"4x33",0.478014863884389,0.168760540143416,0.0873987092017591,0.071179200981327,0.142945820988756,0.051700864800354
"4x34",0.388676979809827,0.145616246376889,0.237826052282725,0.00726248196841071,0.148186520622644,0.0724317189395035
"4x35",0.478918630189995,0.0958918600807174,0.175453532221715,0.0110304786356375,0.184200020957942,0.0545054779139941
"4x36",0.298011199860722,0.196458489142098,0.255037487493394,0.0743917737170943,0.130040432812059,0.0460606169746325
"4x37",0.442318113485543,0.11623476249295,0.0545759646636307,0.0858850530040136,0.241988011938855,0.0589980944150073
"4x38",0.449765898188868,0.299362733506981,0.0495296030790619,0.00966601530128285,0.149691224814702,0.0419845251091049
"4x39",0.21611045734595,0.457680970553738,0.259518785348997,0.00765158010909687,0.0416965716132665,0.0173416350289517
"4x40",0.312435714766845,0.138577702839506,0.262166915745268,0.00306464427194669,0.210129191592912,0.073625830783522
"4x41",0.432037868639318,0.187018855368404,0.0744372570657609,0.00198058429597808,0.250925777548749,0.0535996570817904
"4x42",0.330469166075378,0.201611420098588,0.243585053467647,0.053225039507688,0.111869133312706,0.0592401875379933
"4x43",0.56616755382526,0.0255755607755969,0.251663748839535,0.0312983661443788,0.0784236340229336,0.0468711363922952
"4x44",0.304658986265128,0.159627131301476,0.275901489052818,0.0759729516088737,0.117288219487203,0.0665512222845019
"4x45",0.408667019519167,0.260700234929427,0.149909948831678,0.0468721644026742,0.0683497855865549,0.0655008467304986
"4x46",0.474416335559925,0.158512911841642,0.22425549915937,0.0397020861450163,0.0483393324741624,0.0547738348198848
"4x47",0.3858560390303,0.281082440824109,0.0503571035238439,0.076846364741224,0.13939926581197,0.0664587860685526
"4x48",0.188158717466605,0.294627806740085,0.2898485669307,0.0159487468454159,0.158836521682004,0.0525796403351904
"4x49",0.293267532614029,0.333918025060518,0,0.115007651236049,0.199963746775641,0.0578430443137633
"5x0",0.673825691929509,0.20885800168454,0.00746442991460582,0.0698796445802389,0.0399722318911058,0
"5x1",0.858837086632188,0.000753966172637565,0.0680525087106541,0.0161874549938434,0.0463445356269308,0.00982444786374658
"5x2",0.972646758807946,0.00317889330152111,0,0,0.0206291645838117,0.00354518330672087
"5x3",0.974238968202189,0.00165392829239784,0,0.00465875910271593,0.0194483444026973,0
"5x4",0.946029607209999,0.0224378015577325,0,0,0.031532591232269,0
"5x5",0.986128080769798,0,0,0.0107933739368047,0.00194655332258024,0.00113199197081703
"5x6",0.665091153568432,0.03717238730855,0.170068251408856,0.0154257647357478,0.0981889100826549,0.0140535328957593
"5x7",0.947945836469618,0,6.09431595708149e-05,0.0211189414447122,0.0308742789260989,0
"5x8",0.951108524654038,0.0010939728700544,0,0,0.0477975024759081,0
"5x9",1,0,0,0,0,0
"5x10",1,0,0,0,0,0
"5x11",0.959620462209711,0.0403795377902894,0,0,0,0
"5x12",0.998111444661317,0.00188855533868275,0,0,0,0
"5x13",0.924289512543447,0.019542525923236,0,0,0.0561679615333172,0
"5x14",0.978439322356041,0,0,0,0.0215606776439586,0
"5x15",0.969829179746377,0,0,0.00133039057313191,0.00684228552152022,0.021998144158971
"5x16",0.987130567735619,0,0,0,0.00223563096327773,0.0106338013011031
"5x17",0.939335366207401,0.049688506807437,0,0,0.0109761269851618,0
"5x18",0.411813482357403,0.206933301830631,0.202697127775727,0,0.166026695776298,0.0125293922599417
"5x19",0.7529656818703,0.0901781296175525,0.0158431647807974,0.0418214504930061,0.0981207731172486,0.00107080012109561
"5x20",0.888079775724741,0.014759402907477,0,0.0100716882802652,0.0374505468956895,0.0496385861918278
"5x21",0.744735757920696,0.143179696454327,0.0334762661199021,0.0164230700806255,0.0457949363212499,0.0163902731031995
"5x22",0.61466165011576,0.0811916722834139,0.180766133576571,0.00323238825662712,0.0956458660250636,0.0245022897425646
"5x23",0.653731331426299,0.00131937115595581,0.266009012860903,0,0.0721511344370911,0.00678915011975199
"5x24",0.494772941060772,0.0702925545867284,0.195307618413909,0.0313424281152289,0.194014908473664,0.0142695493496967
"5x25",0.414123533184297,0.115226069059894,0.247461935720541,0.0312803187638813,0.136728885950566,0.0551792573208217
"5x26",0.530933728501857,0.11700944962911,0.186499358638249,0.0219299326983543,0.0383733153921292,0.105254215140301
"5x27",0.523402803466787,0.26588971007104,0.0702360863862756,0.0345192871445344,0.102816367479762,0.00313574545160189
"5x28",0.4918960319848,0.00679809675279421,0.199506210266764,0.0290180510474241,0.180145341021729,0.092636268926488
"5x29",0.451170687542542,0.0334759890714747,0.143049980031452,0.0722803905089476,0.249701246745888,0.0503217060996963
"5x30",0.558650629670013,0.00117253912484571,0.216233027181271,0.0391230848444619,0.139120830674601,0.0456998885048073
"5x31",0.40182379422658,0.132513566945913,0.12989064208965,0.140337955621314,0.155197692158762,0.0402363489577815
"5x32",0.433912425993354,0.221985485548148,0.115809017863967,0.0503611556347145,0.15716215118945,0.0207697637703661
"5x33",0.440263774685177,0.241160847197004,0.0992186636287989,0.0672509308076947,0.114715739237553,0.0373900444437722
"5x34",0.226758508622813,0.202822889816607,0.19873760130739,0.0146356810811758,0.277188258316452,0.0798570608555621
"5x35",0.28347397223275,0.108304320558187,0.327368546199887,0.0868652738893741,0.129736330943096,0.0642515561767053
"5x36",0.388048928854972,0.207034422128678,0.182251839188333,0.0645752423549972,0.117877057846437,0.0402125096265825
"5x37",0.237299013791433,0.16649593440855,0.382312258348073,0,0.116616618232093,0.0972761752198507
"5x38",0.351492160726892,0.27590547014141,0.204475988984596,0.0369546380269149,0.0517199266192702,0.0794518155009176
"5x39",0.272434913809525,0.30932786527405,0.191607999281982,0.000837963245076142,0.156051821653102,0.069739436736266
"5x40",0.465755545500021,0.0878232652696519,0.180742344691287,0.0776943577438213,0.138159488067353,0.0498249987278655
"5x41",0.479707325581257,0.00771930141790387,0.200336012763928,0.0736299263388119,0.190648438878461,0.047958995019638
"5x42",0.0712698951693951,0.382799482337673,0.214917223122732,0.122584231398663,0.153131643280338,0.0552975246911987
"5x43",0.249706674179012,0.218798612417489,0.317378244824315,0.0290665335599937,0.100416070768882,0.0846338642503092
"5x44",0.271775893826449,0.213081050183211,0.304061717325114,0.105110773304537,0.0975018789105523,0.0084686864501368
"5x45",0.306730917273388,0.314964266082815,0.235832339515058,0.031072872744994,0.0992739192590256,0.0121256851247193
"5x46",0.379716538315244,0.31134130382567,0,0.0850512865605733,0.190880739074078,0.0330101322244351
"5x47",0.494804397487268,0.113322839382968,0.127955966594844,0.0428217597092851,0.158777090500193,0.0623179463254409
"5x48",0.463170736828601,0.111586700988418,0.213433462726582,0.0105393258904911,0.172223146143383,0.0290466274225259
"5x49",0.426866377267153,0.280085795180423,0,0.0205078635115601,0.229917089596026,0.0426228744448382
"6x0",0.804565354887091,0.150134822874728,0,0.00619582117672935,0,0.0391040010614519
"6x1",0.810957207796917,0,0.0900958629009237,0,0.0926350082025749,0.00631192109958426
"6x2",0.963541269390643,0,0.000985894087394684,0.000957947598091584,0.0336273311390884,0.000887557784782194
"6x3",0.950444809993282,0.00197391758046263,0,0,0.0475812724262554,0
"6x4",0.949264707850956,0,0,0,0.0507352921490442,0
"6x5",0.924916373480136,0,0,0.00178541259427656,0.0732982139255875,0
"6x6",0.844256694985852,0,0,0.0357357494595283,0.0896579786367826,0.0303495769178368
"6x7",0.456865655504566,0.123388743228073,0.197362614309934,0.0236473141428846,0.157557189409118,0.0411784834054237
"6x8",0.972516628968418,0.0274833710315822,0,0,0,0
"6x9",0.936092639818377,0.00377858379159232,0,0,0.0601287763900306,0
"6x10",0.964397803154718,0.00924703867873332,0,0,0.0249781112346142,0.00137704693193426
"6x11",0.836822256216975,0.0669284462928073,0,0,0.0962492974902175,0
"6x12",0.964873153836414,0,0,0,0.0250027846232861,0.0101240615402999
"6x13",0.980557812408112,0.00751255929875525,0,0,0.0119296282931328,0
"6x14",0.529828526094374,0.022786924066314,0.204131136573228,0.0728219134466937,0.114057538342682,0.056373961476709
"6x15",0.923271641607804,0,0,0,0.076728358392196,0
"6x16",0.948970814607527,0,0,0,0.0510291853924728,0
"6x17",0.972913524622843,0.0107858592255789,0.00547376981978798,0,0.0108268463317905,0
"6x18",0.683160480324057,0.02314385118757,0.128349926221715,0.0246050025508301,0.102904616194173,0.0378361235216551
"6x19",0.846895145175066,0,0,0,0.143325950236519,0.00977890458841586
"6x20",0.880440099634676,0.0877482275915215,0,0,0.0226634126225022,0.00914826015130016
"6x21",0.876402113915002,0.00857150043051299,0,0.0466956207071826,0.0130625566541175,0.0552682082931853
"6x22",0.801275320553666,0.013879542317558,0.067480634462358,0.0109012763067802,0.106463226359638,0
"6x23",0.511059286596531,0,0.31976253588321,0,0.147463125670831,0.0217150518494281
"6x24",0.729942198756801,0.0682854228014352,0.0359762833391701,0.0818358599349914,0.0624618907724555,0.0214983443951472
"6x25",0.451967057343251,0.195627643951939,0.178181350499934,0.0466383997240168,0.0798508229370536,0.0477347255438055
"6x26",0.435120489775891,0.148018625944265,0.267563077096953,0.00148230180391219,0.0914589579054273,0.0563565474735511
"6x27",0.460354113564619,0.131694672192336,0.213565129150509,0.0395197630917145,0.107068275391305,0.0477980466095165
"6x28",0.486903962846106,0.189005154369825,0.0925869060614169,0.110483688111974,0.0976956543787865,0.0233246342318916
"6x29",0.423269889452653,0.196328308858624,0,0.0445143938237302,0.282926847877844,0.0529605599871494
"6x30",0.424751262870831,0.167879086943331,0.175939859798401,0.0876531095737468,0.122275407029917,0.0215012737837729
"6x31",0.59292518105361,0.0283704370865114,0.191940155393814,0.0291663112700292,0.124060971955849,0.0335369432401868
"6x32",0.194476623023816,0.196741784216761,0.27837132258785,0.0749993925443284,0.171248834359237,0.0841620432680068
"6x33",0.304199683485187,0.160574733930698,0.283208283351452,0.0401010445622153,0.149379917625045,0.062536337045403
"6x34",0.33132750790382,0.16525297681549,0.159426764637036,0.139408344953449,0.178913997247002,0.0256704084432033
"6x35",0.454162196888216,0.17377906152229,0.121393130775389,0.026962204554404,0.163943869566814,0.0597595366928873
"6x36",0.382159654875505,0.0915678389456698,0.142484569384626,0.0423034091503477,0.283531227821834,0.0579532998220174
"6x37",0.348816062783626,0.246132463263825,0.0932272495360284,0.145473470214649,0.132861327393297,0.0334894268085739
"6x38",0.31180915869713,0.261273208120303,0.0115732753733672,0.0648695002594071,0.256230436517347,0.0942444210324459
"6x39",0.654851938083386,0.0518524626202177,0.107357783334098,0.0307291340129542,0.0876316749357972,0.0675770070135463
"6x40",0.317183953049161,0.246027288915633,0.279328653756734,0.0145623384521911,0.0659763567095032,0.0769214091167775
"6x41",0.223687305220432,0.220865918505777,0.375082349449001,0.000971576950636866,0.134129992361106,0.0452628575130469
"6x42",0.356331989183742,0.218071283759105,0.286866811557845,0.0589370264502493,0.0323351801745049,0.0474577088745545
"6x43",0.177030004173239,0.360527497337506,0.216259524062561,0.0462516150143735,0.175059834021715,0.0248715253906051
"6x44",0.537563929756189,0.0945767421689439,0.233820423450203,0,0.0826130286212237,0.0514258760034406
"6x45",0.372825097919894,0.201936351058249,0.184686857841145,0.079785868776076,0.101161090852819,0.0596047335518174
"6x46",0.253460436147568,0.211382598672342,0.332670442903069,0.0675064782320004,0.0968319495464877,0.0381480944985325
"6x47",0.339695048768708,0.215154407001609,0.187775005450566,0.00023182853443969,0.208245934445454,0.0488977757992234
"6x48",0.4153496899004,0.165017609729088,0,0.0881540334115663,0.28227842577746,0.0492002411814863
"6x49",0.416256015107857,0.145008246812023,0.097980544373245,0,0.269712391393319,0.071042802313556
"7x0",0.837831700353181,0.143130860294048,0,0,0.0190374393527706,0
"7x1",0.735797846430945,0.0018226256416447,0.0636853699278153,0.0689085884294887,0.126265627392492,0.00351994217761464
"7x2",0.947732324599929,0,0,0,0.0522676754000709,0
"7x3",0.402045629186314,0.0210075535168501,0.18979397325012,0.0963005373056403,0.248631746042376,0.042220560698699
"7x4",0.488014561465114,0,0.0311734546555533,0.0843721389935837,0.332326516578651,0.0641133283070987
"7x5",0.971817654411592,0,0,0,0.0281823455884078,0
"7x6",0.992820898459169,0,0,0,0.00607750018187285,0.0011016013589586
"7x7",0.989898411232482,0,0,0.0016133348592496,0.0022109112251082,0.00627734268316004
"7x8",0.989115658591943,0,0,0,0.0108843414080572,0
"7x9",0.945637903475001,0,0,0,0.0543620965249992,0
"7x10",0.995485350173262,0.000782889712619873,0,0,0.00373176011411862,0
"7x11",0.936832697443877,0.0513049397788474,0,0,0.0118623627772762,0
"7x12",0.475081788635833,0.0434091540226194,0.170534570364174,0.0658927613113959,0.18309656593722,0.0619851597287577
"7x13",0.965966422619228,0,0,0,0.0321096383963663,0.0019239389844058
"7x14",0.928452969453299,0,0,0.000553552194070448,0.0709934783526302,0
"7x15",0.995865499271155,0.0041345007288446,0,0,0,0
"7x16",0.919517558540028,0.0442138866671986,0,0,0.0362685547927735,0
"7x17",0.985403825127155,0,0,0,0.00986092781611556,0.00473524705672966
"7x18",0.955167316461877,0,0,0,0.0448326835381231,0
"7x19",0.719765346158659,0.0404877323906875,0.172153294461967,0.0421841319473851,0.0254094950413019,0
"7x20",0.557831695692616,0.334361969349456,0.0415995835235646,0.024405159325485,0.041801592108878,0
"7x21",0.567055751817673,0.229827007039531,0,0.0120823758754632,0.178518541555472,0.0125163237118605
"7x22",0.641019545540153,0.0642032148908391,0,0.0451485578364235,0.199655162085457,0.0499735196471276
"7x23",0.515419664080229,0.176571380986641,0.0505559672668129,0.049818096256036,0.1900526014058,0.0175822900044816
"7x24",0.801883522864962,0.0668713400939557,0.0649782726294551,0.0236797022967113,0.0028466175372582,0.0397405445776577
"7x25",0.425178244036787,0.163788691094831,0.142333119223291,0,0.241337844313939,0.0273621013311526
"7x26",0.295433018423712,0.0616729082238035,0.347500625004103,0.0206708717118007,0.160102001299996,0.114620575336585
"7x27",0.458090716990187,0.0551006692864882,0.296469016956629,0,0.162560801487037,0.027778795279659
"7x28",0.368966452685766,0.078268949784429,0.228622001396122,0.069453863565327,0.123548769672089,0.131139962896267
"7x29",0.284040806558715,0.18659017995102,0.223591766412173,0.0867824008201295,0.16094085269466,0.0580539935633026
"7x30",0.392270600924259,0.175944615049751,0.0547282443213704,0.0982294380687351,0.241167163141745,0.0376599384941389
"7x31",0.524129393380627,0.0840983048408327,0.185102957395442,0.0232963183191436,0.113223130985977,0.0701498950779784
"7x32",0.261708253198408,0.090935708326875,0.308078103174298,0.0847483399626627,0.154769747422779,0.0997598479149772
"7x33",0.345350288889357,0.0370795886585549,0.353630389388875,0.00367031505915773,0.194253946540668,0.0660154714633874
"7x34",0.163752908663682,0.298515595804578,0.252570437190009,0,0.187952408683188,0.0972086496585432
"7x35",0.344628742368539,0.131350546788945,0.202579657764991,0.00519506727568182,0.199447465610523,0.116798520191321
"7x36",0.430037185406204,0.0937831236792579,0.215788757662229,0.0220272785313069,0.175258417958814,0.0631052367621883
"7x37",0.249345701767649,0.0676783830778482,0.109955876863652,0.0747550710411681,0.408383227457357,0.0898817397923261
"7x38",0.225190066957741,0.226658264276336,0.263562586666311,0.10491760774987,0.102184307417437,0.0774871669323058
"7x39",0.65249415859023,0.0114930273911311,0.127216039749322,0.0998068252044991,0.0861993680355817,0.0227905810292361
"7x40",0.213402014801611,0.435213315151769,0,0.130654000824897,0.137373638116816,0.0833570311049083
"7x41",0.336573202191852,0.275408946720947,0.150155232011346,0.000401201284161006,0.125639988136687,0.111821429655006
"7x42",0.479272016399545,0.0663100056932175,0,0.00146624348171877,0.300520763221519,0.152430971204
"7x43",0.419002256899053,0.227149522461224,0.171515164957593,0.0169471008633604,0.105065619686504,0.060320335132264
"7x44",0.283136601892374,0.291802802453464,0.144881703590354,0.0171337108622632,0.195352786045934,0.0676923951556108
"7x45",0.41567972180634,0.13309786779584,0.171665764690407,0.0115621560471611,0.245410580086143,0.0225839095741096
"7x46",0.260796815730342,0.00509310030581473,0.418573312791657,0.0874051298697484,0.180630032754671,0.0475016085477676
