"","Cancer","Ductal","mDCs","Macrophages","Mast","Monocytes"
"0x0",0.704789132938274,0.0189394102447898,0.121583301056208,0,0.144530630327391,0.0101575254333376
"0x1",0.649098378257495,0.00578304865520743,0.217257255739745,0.00694930860380018,0.0894026648864844,0.0315093438572687
"0x2",0.767483299759491,0.151179380377533,0.0273079963918141,0,0.043372532534565,0.010656790936597
"0x3",0.639686882837303,0,0.173862524339559,0.0258414220287125,0.120662343826195,0.0399468269682299
"0x4",0.858807052246647,0,0,0.00868598307640882,0.0852929511785958,0.0472140134983486
"0x5",0.894566580159217,0.00106090564154201,0.00563127299134011,0,0.0838769294405621,0.0148643117673392
"0x6",0.836097256437225,0.0443052984311622,0,0,0.119597445131612,0
"0x7",0.800441617566487,0.0721821941646274,0.0176981767936261,0.00619303119371699,0.103291543120822,0.000193437160720338
"0x8",0.930372383050731,0.0543428420145055,0,0,0.0152847749347639,0
"0x9",0.856920086116891,0.077606859285715,0.00173581531939531,0,0.0637372392779987,0
"0x10",0.892228959107978,0,0.0603646446160431,0.016159339436395,0.0266201712791735,0.00462688556041036
"0x11",0.835421951036059,0.109963446517601,0,0,0.0546146024463396,0
"0x12",0.949859028083894,0.000155334889572584,0,0,0.0293080626199296,0.0206775744066035
"0x13",0.808850929773694,0.159981337408932,0,0,0.0311677328173735,0
"0x14",0.890213887857402,0.0461049744479575,0,0,0.063681137694641,0
"0x15",0.879689446184604,0.0256274834215246,0.0247023953165383,0.0116746011992713,0.0557950633889426,0.00251101048911895
"0x16",0.854636451335729,0.0357100988636957,0,0,0.105634204368012,0.00401924543256351
"0x17",0.72867495992575,0.115045482749287,0,0,0.146443769316306,0.00983578800865648
"0x18",0.570533072539801,0.259755323638337,0.0125927422713774,0.0348366272324343,0.110245213645172,0.0120370206728779
"0x19",0.824440935356593,0.0243322671922714,0.00134378188320036,0.0177000224586287,0.119954764083276,0.0122282290260305
"0x20",0.793346989453516,0.0711287203661719,0,0,0.0844502552498757,0.0510740349304363
"0x21",0.680811175751316,0.0172819281762808,0.121541235193289,0.00594817518242216,0.160468417549229,0.0139490681474628
"0x22",0.649060503431894,0.182896321631647,0,0.013964229393939,0.0976239326082726,0.0564550129342471
"0x23",0.424893317415103,0.237871958346892,0.159303503539821,0.0691498363298588,0.0677365698830397,0.0410448144852847
"0x24",0.740397545641501,0.0828862141041447,0,0.014301915355011,0.138801813206265,0.0236125116930791
"0x25",0.413942358935603,0.292587760391001,0.150049197332373,0.0242176732377624,0.0798103109452082,0.0393926991580527
"0x26",0.619914355463829,0.121106961702404,0.0815722242877212,0,0.15202604349024,0.0253804150558061
"0x27",0.551526580530349,0.109233142865063,0.122194477931789,0.0435503241076448,0.141922741788309,0.0315727327768451
"0x28",0.431306337613056,0.131708432879955,0.141439898623373,0.0213228972860923,0.209900089698662,0.0643223438988617
"0x29",0.375538075103339,0.185077723210161,0.295539797906927,0,0.0895488410030319,0.0542955627765405
"0x30",0.395583051017824,0.32349134498344,0.0300146320491843,0.109061785680529,0.122779274716361,0.0190699115526612
"0x31",0.657544897464314,0.0378197964987775,0.159875678718714,0.017900487455916,0.11531158573636,0.0115475541259177
"0x32",0.426909774402024,0.140851830905353,0.214442014201202,0.0505781932304853,0.113428451386547,0.0537897358743881
"0x33",0.706968796547598,0.0646185374558528,0.129802248310799,0,0.0872165113996246,0.011393906286125
"0x34",0.53243795690846,0.0259752176024854,0,0.0495970103244469,0.347637090697364,0.0443527244672433
"0x35",0.399571062129025,0.0238360378801266,0.281877530244268,0.0014545173391897,0.209414909351652,0.0838459430557389
"0x36",0.490067852585885,0.118472492106581,0.00107085728917937,0.0642335255807811,0.284612114200692,0.041543158236881
"0x37",0.372452070345019,0.21826615739429,0.0685862143953788,0.101094906382321,0.189230981186616,0.0503696702963755
"0x38",0.49650097152268,0.245895080706118,0,0.0953451827557461,0.0798398932458089,0.0824188717696465
"0x39",0.217918624905566,0.331191011678884,0.271542045446479,0,0.141784310243143,0.0375640077259287
"0x40",0.578380863563173,0.145703144046403,0.0595089790733152,0.0799982413567652,0.132375603106534,0.00403316885380898
"0x41",0.174871079645679,0.224141401603719,0.266104101721731,0.0445778881885875,0.164129413676374,0.126176115163909
"0x42",0.294149095489929,0.18807396195594,0.170429428906264,0.0220848205742647,0.258151902392403,0.0671107906811994
"0x43",0.467401019804988,0.180220148342036,0.0963845070572692,0.0655290134030947,0.137561999593865,0.0529033117987463
"0x44",0.214692646593444,0.42030601034388,0.0976627182567929,0.0490759726714951,0.196722613052972,0.021540039081416
"0x45",0.476713311661941,0.147729687359043,0.0987584446345514,0.101548561367123,0.150298597683497,0.0249513972938445
"0x46",0.376751324441667,0.244637123510662,0.0583153218165115,0.0495492203362754,0.235440628608955,0.0353063812859291
"0x47",0.230214037068756,0.342831796018545,0.189062481938535,0.00416697982576746,0.184408894906794,0.0493158102416025
"0x48",0.355747232372747,0.236786206611812,0.151236983261713,0.0377672667212252,0.149569910394481,0.0688924006380224
"0x49",0.422280546342346,0.292895522621996,0.0983573417168136,0.0754151713148558,0.0849893869991982,0.0260620310047904
"1x0",0.857561874409016,0.0650215296770715,0,0.0321757486640318,0.0452408472498803,0
"1x1",0.700746165297879,0.224807871833838,0.0117850468973631,0.0100921016610239,0.0525688143098963,0
"1x2",0.777793592417916,0.044449310733926,0.0417961980140888,0.065379373499204,0.0705815253348652,0
"1x3",0.701341483152844,0.0728155430377649,0.125722694490494,0.0157674500339494,0.0665281999394264,0.0178246293455217
"1x4",0.886081164679351,0.110357378375916,0.00342466868070291,0.000136788264030689,0,0
"1x5",0.906382609693319,0,0,0,0.0847071227710248,0.00891026753565597
"1x6",0.878754068984017,0.0393991651036206,0,0,0.0818467659123623,0
"1x7",0.884942115960574,0.0347987062824869,0,0,0.0802591777569393,0
"1x8",0.788448950166101,0.138909738519789,0,0,0.0726413113141104,0
"1x9",0.961284641205911,0.00087941829233544,0,0,0.0366052072238777,0.00123073327787585
"1x10",0.410479138606489,0,0.306701175770446,0.0793709882165591,0.134187973927846,0.0692607234786589
"1x11",0.806140665762795,0.142665284579281,0.0109995930013446,0,0.0350027637512366,0.00519169290534285
"1x12",0.640386131993961,0.275979623904546,0.0111360389660428,0,0.0656198170684668,0.00687838806698294
"1x13",0.85022228755543,0.0195113491624496,0.0249678411471566,0,0.0758639317698744,0.0294345903650895
"1x14",0.87964193341877,0.0118809276076873,0,0,0.0718372908040347,0.036639848169508
"1x15",0.828983905707709,0.128158770915323,0,0.0406292927626061,0.00222803061436191,0
"1x16",0.659463990435816,0.0447121856219818,0,0,0.258271790028874,0.0375520339133286
"1x17",0.900615391941149,0.0058186383887582,0.00525034187198185,0.0247241818490145,0.0635914459490961,0
"1x18",0.794438955488379,0.0404381898871728,0.00996868058982841,0.0217745796084351,0.128151256362619,0.00522833806356666
"1x19",0.824997349063035,0.0149548945950876,0.0706994410527711,0.0281461612538449,0.0528730075032982,0.00832914653196313
"1x20",0.634634970479392,0.0766215892301971,0.161740461467885,0.00741219714705953,0.0872766800073417,0.0323141016681249
"1x21",0.61535181767694,0.254854893705669,0,0,0.0797517159466136,0.0500415726707771
"1x22",0.563100148008051,0.155001245410271,0.0432667871294933,0,0.21628128884538,0.0223505306068052
"1x23",0.679566147005466,0,0.149505517436996,0.0322735389964368,0.111757942868375,0.0268968536927253
"1x24",0.739218457258496,0.0033029279955449,0.121662852856788,0.0247425758954292,0.0976192830336675,0.0134539029600739
"1x25",0.632435922785663,0,0.105097069167806,0.0753716542934328,0.163047623881306,0.0240477298717915
"1x26",0.717928760230855,0.0236050130915822,0.0017009630884289,0.0113803648551319,0.100562532788886,0.144822365945116
"1x27",0.433946242402876,0.174443533414674,0.183822137146283,0,0.147888462347323,0.0598996246888449
"1x28",0.532375522134931,0.221343205671773,0.0792429940231358,0.0793259865907907,0.0545138438432701,0.0331984477360991
"1x29",0.180691485274017,0.487691634318964,0.032889551044242,0.0861375169812511,0.120811720208943,0.0917780921725832
"1x30",0.437062193817316,0.124510884451312,0.209856140612956,0.0716072210397403,0.139019347830546,0.0179442122481303
"1x31",0.578920059600579,0.0439355475239195,0.114281908383728,0.0245792954493158,0.13963428402895,0.0986489050135066
"1x32",0.345059831903667,0.253417809121996,0.182020391310807,0.0440461016652822,0.129987904382329,0.0454679616159192
"1x33",0.506834771020202,0.0830283997481382,0.27399823321723,0,0.107614843838251,0.028523752176178
"1x34",0.42055427570942,0.184956330714956,0.0932878454377784,0.0110578603011913,0.244964541473462,0.0451791463631921
"1x35",0.414607619212493,0.145405022201903,0.200515079910316,0.0613265705932147,0.155597987580076,0.022547720501997
"1x36",0.596958240529668,0.114114777005069,0,0.112005634197474,0.166970807999851,0.00995054026793823
"1x37",0.357676668413323,0.27452995800627,0.0452636244364325,0.0664074768450217,0.169419293229387,0.0867029790695663
"1x38",0.449632322785229,0.188044766408346,0.178061287568418,0.0110928912229359,0.135351421869932,0.0378173101451389
"1x39",0.69022226922565,0.0263996532459739,0,0.0499188549597277,0.173803962977901,0.0596552595907479
"1x40",0.346038621635899,0.0876942500124817,0.221479643070308,0.0588632325758779,0.251394889814113,0.0345293628913201
"1x41",0.301695660617918,0.10857021294072,0.327387591565594,0.0971473116143714,0.122659048563484,0.0425401746979126
"1x42",0.330846835650019,0.227225116083116,0.280553853164344,0,0.113815950339904,0.0475582447626163
"1x43",0.35343475132615,0.0653598464436247,0.264447056599662,0.0440692940576273,0.194303590838251,0.0783854607346852
"1x44",0.239867130469481,0.256396416379057,0.322755429860807,0.0139335044228296,0.148764380468398,0.0182831383994282
"1x45",0.444347745912292,0.163937893472565,0.241679056712131,0.0100063830541289,0.0541682581787782,0.0858606626701052
"1x46",0.480430178315045,0.217084890044501,0,0.0512352958133008,0.169552950137642,0.0816966856895107
"1x47",0.356018374921313,0.23018040591834,0.188209642549423,0.111273105815106,0.0764785998953825,0.0378398709004357
"1x48",0.395960526040913,0.386975461312731,0.0989302722710168,0.0320275326827579,0.0852172818173125,0.000888925875268914
"1x49",0.528144623122487,0.112818241656786,0.123393612476344,0.0245296620144962,0.182771014792751,0.0283428459371355
"2x0",0.849641996565557,0.000683153355001599,0,0.0194947685948291,0.129762361254826,0.000417720229787019
"2x1",0.885505222785394,0,0.057931572280701,0.00759184884433653,0.0489713560895685,0
"2x2",0.824790472941263,0.12222811189479,0,0.0370385870845478,0.0159428280793995,0
"2x3",0.897120576096813,0.0725519318547136,0,0,0.0303274920484737,0
"2x4",0.852444817766992,0.0808317969627859,0.00243442410141233,0,0.0602697017291543,0.00401925943965576
"2x5",0.757983049133292,0.0413177768781239,0.0838772073192439,0.00787540002849109,0.105466557745025,0.00348000889582379
"2x6",0.532440429513072,0.00302424300064653,0.204350026883717,0.042968142522565,0.165395671662106,0.051821486417894
"2x7",0.949010515220929,0.00434449312807516,0,0,0.0466449916509955,0
"2x8",0.974271833759683,0.000607366919837312,0,0,0.0154352821628874,0.00968551715759212
"2x9",0.899765895348809,0,0,0,0.100234104651191,0
"2x10",0.935116231853521,0.0130385403563374,0,0,0.0515675265625692,0.000277701227572005
"2x11",0.964819537685328,0,0,0,0.0309734710606052,0.00420699125406727
"2x12",1,0,0,0,0,0
"2x13",0.247130732388155,0.0993049777888425,0.314588743016446,0.0754774634187578,0.149145398584335,0.114352684803464
"2x14",0.966350946109354,0.00399156414834537,0,0,0.0296574897423005,0
"2x15",0.967224621449674,0.0327753785503258,0,0,0,0
"2x16",0.74659137043732,0,0.102896856496093,0.00911016517175196,0.105188324495905,0.0362132833989301
"2x17",0.841759996203744,0.0112353622952912,0.00529754704058807,0,0.141707094460377,0
"2x18",0.744951032351422,0.000962887569780188,0.0693059374033316,0.0502680960197655,0.121534798287089,0.0129772483686124
"2x19",0.57888647365267,0.27666548142962,0.0255787560978865,0,0.0834079335611214,0.0354613552587024
"2x20",0.860028404486942,0,0.0105828681708371,0.0191705703552217,0.0972431355030316,0.0129750214839672
"2x21",0.596041882848542,0.142238070122471,0,0.0435791837213523,0.215298646968472,0.00284221633916307
"2x22",0.703510620347451,0.134737678503721,0,0.0473592249504642,0.0992175107226211,0.0151749654757425
"2x23",0.668605677813992,0.0686293425928704,0.113682698213365,0.0536185484093734,0.0676658866011373,0.0277978463692626
"2x24",0.723848129493167,0.0370197912467334,0.00166447927473598,0.00869220863620664,0.20945573713102,0.0193196542181363
"2x25",0.554165197202549,0.142730412245597,0.185581685938106,0.00921213533548015,0.101899158946686,0.00641141033158156
"2x26",0.654885836139437,0.0826390003700524,0.115716168171867,0,0.134370953472996,0.0123880418456476
"2x27",0.62963045248288,0.0373185393146012,0.0146083732837684,0.118464744915396,0.157774017460064,0.042203872543291
"2x28",0.279182473254873,0.109406333126776,0.0451032611097913,0.0961766284740438,0.399565460987699,0.0705658430468172
"2x29",0.623865243355959,0.178098997457209,0.114424853414634,0.00642916828074948,0.0446035952069965,0.0325781422844524
"2x30",0.467534362948493,0.253404002665128,0,0.0649298966500223,0.148320762284253,0.0658109754521032
"2x31",0.399918463605385,0.148782122862533,0.181200192620057,0.010119887750275,0.178936176561358,0.0810431566003917
"2x32",0.376678344742898,0.291446949594287,0.130579043087537,0.0504556319569717,0.0726832860624546,0.0781567445558513
"2x33",0.420299779290551,0.186940130569055,0.0157425523685651,0.11056840235693,0.237658556880261,0.0287905785346382
"2x34",0.55094691849624,0.100137618366197,0.196142096413202,0,0.14348797162465,0.00928539509971026
"2x35",0.669644928242759,0.0598557733039362,0.162196290037842,0.0179825794315439,0.0623275878419862,0.0279928411419324
"2x36",0.344197148269482,0.100218775185935,0.371736738830641,0.000634409497638797,0.16150111348536,0.021711814730944
"2x37",0.410524836619405,0.402592241361186,0.0261202808658331,0.0384873591405889,0.117316105416068,0.00495917659691854
"2x38",0.384821699372754,0.131178496959438,0.191634835870095,0.0635881721700585,0.168047576891385,0.0607292187362693
"2x39",0.294447193146563,0.347434598255344,0.0978321418135028,0.050584148031488,0.164923672994329,0.044778245758774
"2x40",0.400156771631657,0.125497410567516,0.199881001758661,0.0172251666481483,0.165369385042037,0.0918702643519798
"2x41",0.214394567865787,0.415804864825214,0.186805734691583,0.0439282109457636,0.106284715008096,0.0327819066635569
"2x42",0.409180047021838,0.255300164914841,0.180585182883964,0.0218653156308435,0.097084009100733,0.0359852804477803
"2x43",0.247120974462413,0.155300645254139,0.365308563761942,0.0238181884144546,0.152581796109478,0.0558698319975734
"2x44",0.229806299902619,0.435719959874886,0.0992115115982735,0.00248765403777915,0.19302765777792,0.0397469168085223
"2x45",0.316259958577061,0.317123192129287,0.184076118528378,0.0580521440763602,0.111867898526706,0.0126206881622087
"2x46",0.302685627055115,0.155524349924242,0.216189271407327,0.0291917525193634,0.224098631053784,0.0723103680401691
"2x47",0.322933553531234,0.0780024283351024,0.265781769118852,0.0702840043363547,0.220743894717995,0.0422543499604617
"2x48",0.252249842159316,0.345198167738474,0.133115500074118,0.0276340166363826,0.19808234133711,0.0437201320545994
"2x49",0.320128864910096,0.26690035940704,0.13520994997486,0.0614491021651048,0.152525280365891,0.063786443177008
"3x0",0.826612031403226,0.0586440720834214,0.00196640804500268,0.00226043013611087,0.0954685834298472,0.0150484749023924
"3x1",0.920616700462524,0.0679812066225368,0,0,0.0109350231837969,0.000467069731142672
"3x2",0.968497435474606,0.00853845854190349,0,0,0.0229641059834901,0
"3x3",0.921951055867811,0.0604245823824923,0,0,0.0176243617496971,0
"3x4",0.952047851944856,0,0,0.00225223097566486,0.0456999170794788,0
"3x5",0.912130376846776,0,0,0,0.087869623153224,0
"3x6",0.980679638481464,0,0,0,0.0193203615185361,0
"3x7",0.941450776246495,0,0,0,0.0585492237535053,0
"3x8",0.516062761094139,0,0.256292122972403,0.0477452265694861,0.126631783768375,0.0532681055955969
"3x9",0.922302258960656,0,0,0.00183812752387279,0.075859613515471,0
"3x10",0.983044346873924,0.00151377183180981,0,0.0025168326228139,0,0.0129250486714519
"3x11",0.954832016482353,0,0,0,0.0451679835176472,0
"3x12",0.825131155269143,0,0.0254455872102917,0,0.131213391176822,0.0182098663437432
"3x13",0.973163723057266,0,0.00432874804748414,0,0.0225075288952494,0
"3x14",0.686715405185475,0.00166725190335828,0.176266120222957,0.0186344512786936,0.0991975862286166,0.0175191851808994
"3x15",0.948693957520212,0,0,0,0.0463268226361281,0.00497921984365949
"3x16",0.909221553421247,0,0.00251652667932909,0.00781775052304001,0.0716860921805779,0.00875807719580562
"3x17",0.85697705052727,0.00104181019334996,0,0,0.14198113927938,0
"3x18",0.876934807416142,0.00887954217393891,0,0,0.084174449057876,0.0300112013520434
"3x19",0.951221100734729,0,0.000893245158927211,0.0350032554281661,0,0.0128823986781777
"3x20",0.828178432650853,0,0.000517738259836141,0.0770407573279507,0.0926128324485418,0.00165023931281802
"3x21",0.502740515556321,0.146087083879096,0.036163633218151,0.00267883451622872,0.267174431687689,0.0451555011425146
"3x22",0.874325865239974,0,0.00197037002934089,0.0672555296448296,0.0541343768164063,0.0023138582694494
"3x23",0.786853375996747,0.0225128409008426,0,0.0425122805210172,0.136357189439997,0.0117643131413967
"3x24",0.512842155986265,0.117547409563541,0.190758774976771,0.0293130267834757,0.127565024281457,0.02197360840849
"3x25",0.323086377118934,0.181131229253601,0.218323519627877,0.0236195597601169,0.229597805876317,0.0242415083631542
"3x26",0.408086185245877,0.15754113312971,0.261799531461818,0.0641980739831946,0.102202167998685,0.00617290818071534
"3x27",0.530133063106538,0.186551872160127,0,0.0459736885653094,0.172779112063935,0.0645622641040905
"3x28",0.425727523983723,0.306487529719042,0.0802779273700531,0.0825122376857404,0.104264398705338,0.000730382536103757
"3x29",0.575855536047529,0.0605355264496749,0.240932891701642,0.0113816225693391,0.0829726239738379,0.0283217992579779
"3x30",0.4067343383346,0.0723782594516458,0.27954483677851,0.0354265788860258,0.141041383370054,0.0648746031791651
"3x31",0.443372649906693,0.0883668327526139,0.176526687257803,0.0889365077239131,0.169434429102433,0.0333628932565449
"3x32",0.618591337951604,0.104849075292107,0.0978101251802652,0,0.137306230686148,0.0414432308898762
"3x33",0.489113902003434,0.0187796237206783,0.322275650771638,0.0364858933464991,0.0981808690794198,0.0351640610783304
"3x34",0.234284627444883,0.154054128410804,0.280938683156468,0.0554474700981527,0.174808115960192,0.100466974929501
"3x35",0.24085881154772,0.239985613140554,0.200355239528097,0.0512177724296072,0.171966526388255,0.0956160369657668
"3x36",0.53421708996664,0.17243773113215,0.0731424262447247,0.0513831736723761,0.107972915679692,0.0608466633044172
"3x37",0.32691126389247,0.23061847362749,0.17596507331398,0.037887781238314,0.187311103189227,0.0413063047385192
"3x38",0.419560612810805,0.20183506353811,0.173632743514885,0.124557967004418,0.0539749496016304,0.026438663530153
"3x39",0.319267495310413,0.144834904768102,0.232394010997975,0.0227880929410202,0.238286617947088,0.0424288780354015
"3x40",0.254936692061511,0.190291683675382,0.135683892232989,0.178224295012001,0.220100080853713,0.0207633561644041
"3x41",0.327556610841113,0.182724390076773,0.225300293808813,0.0407077480986469,0.176389828361859,0.0473211288127954
"3x42",0.374253475142948,0.151793130555584,0.250452942084217,0.0822313266119105,0.107096046390332,0.0341730792150087
"3x43",0.35401422402211,0.160186142871074,0.186904184427908,0.0272291935495055,0.215103172543931,0.056563082585471
"3x44",0.425304302606249,0.319974842823239,0.00190811670333716,0.021710615790191,0.137364917356654,0.0937372047203293
"3x45",0.45870013253211,0.276317179511932,0.0793728954598423,0.0772103085452432,0.011624117670728,0.0967753662801441
"3x46",0.488614906241208,0.130707221997318,0.0744657740795919,0.0361370631163655,0.197485216443837,0.0725898181216794
"3x47",0.40910202691576,0.298696552370509,0,0.121128813593241,0.142648906713122,0.0284237004073682
"3x48",0.705360940995488,0.0502823296113404,0.00703463860624148,0.0117563663896536,0.117802213974921,0.107763510422355
"3x49",0.303114631370904,0.230198013045233,0.221273183027751,0.0271666714957335,0.183362128820388,0.0348853722399908
"4x0",0.741355554346134,0.178053493894508,0,0,0.080590951759358,0
"4x1",0.782083371908244,0.064576099138517,0.0779529847556146,0.034587576914227,0.0407999672833976,0
"4x2",0.616830723316074,0.212763717483512,0.0410481136559944,0.00694581699334404,0.122411628551075,0
"4x3",0.841616840386864,0.082499734524212,0,0,0.0696826412700996,0.00620078381882466
"4x4",0.995031630875574,0.00496836912442562,0,0,0,0
"4x5",0.955063486378583,0.0200398579636162,0,0,0.0248966556578007,0
"4x6",0.972032647504589,0,0,0,0.0279673524954105,0
"4x7",0.931797267410906,0.0136006640785954,0,0,0.0546020685104989,0
"4x8",0.996422066642926,0.00357793335707365,0,0,0,0
"4x9",0.918662874528465,0.0477176622694899,0,0,0.0336194632020447,0
"4x10",0.928652257655346,0,0,0,0.0713477423446543,0
"4x11",1,0,0,0,0,0
"4x12",0.952479324943727,0.0232025091838523,0,0,0.0243181658724207,0
"4x13",0.988052469382033,0,0,0,0.0103293157452282,0.00161821487273844
"4x14",0.975662133677069,0.00412941854558932,0,0,0.0202084477773419,0
"4x15",0.890734933381179,0.075791838568499,0,0,0.0334732280503225,0
"4x16",0.929874226035411,0.00543138638427503,0,0,0.0646943875803137,0
"4x17",0.926884955874545,0.0154194230040431,0,0.0166727605609574,0.00109771568974946,0.0399251448707051
"4x18",0.909066659505714,0,0,0,0.0616951265339599,0.0292382139603258
"4x19",0.709916072790073,0.120016475909729,0.0271689877628256,0.027357587611204,0.0999103194827219,0.0156305564434458
"4x20",0.949093240522828,0,0,0.0196157637219116,0.0289470783314451,0.00234391742381536
"4x21",0.760555896102356,0.0287008578260517,0.0788470880465747,0.000445108982981766,0.0961552671907132,0.0352957818513225
"4x22",0.667674949023528,0.161627456786441,0.0772751628565278,0.0264920470086849,0.0669229115458542,7.47277896474352e-06
"4x23",0.596798428077777,0.0400806873771053,0.25498905880079,0,0.0865349585721686,0.0215968671721598
"4x24",0.5814709615035,0.130678215159627,0.0428489122967868,0.0202503895043224,0.19346082252657,0.0312906990091939
"4x25",0.61677529831426,0.103452727790904,0.158510527275966,0.0515759798058372,0.0580693714442172,0.0116160953688163
"4x26",0.433211308563436,0.107261716445836,0.274494157623088,0,0.12982253052672,0.0552102868409202
"4x27",0.666947353132112,0.0213572796942728,0.154502054177711,0.0292878234261421,0.083607997088801,0.0442974924809606
"4x28",0.485177983092474,0.172383875602279,0.180359145702163,0.0290415492435887,0.102869836265332,0.0301676100941638
"4x29",0.347374830942056,0.0447995109289546,0.30266360139769,0.045490848566795,0.222418963182454,0.0372522449820497
"4x30",0.413232185226073,0.168757559403848,0.123912849490374,0.0150068124753989,0.180134931394749,0.0989556620095585
"4x31",0.0155444354985221,0.595247142398051,0.204048087431634,0.038433862009923,0.129890449062537,0.0168360235993325
"4x32",0.252986062366997,0.266049056517139,0.219452610756882,0.0315593435663429,0.111940457708653,0.118012469083986
"4x33",0.483456403449686,0.161038423712074,0.0828991881272384,0.0730283461817234,0.150670644487583,0.0489069940416949
"4x34",0.385077486032787,0.142366165565308,0.226514982250523,0.0163777919130841,0.162579926526899,0.0670836477113987
"4x35",0.485808674859942,0.0904664192510336,0.184844240217853,0.0178191551715958,0.163647425313785,0.0574140851857906
"4x36",0.296899789560397,0.19405375729626,0.239397204717348,0.0846161033870607,0.14422296451876,0.0408101805201744
"4x37",0.447999756254387,0.120746361366593,0.0346941523066028,0.0928086854949758,0.243408709297349,0.0603423352800921
"4x38",0.454108239028377,0.294015020491669,0.0461128791590441,0.0171209437300147,0.149430157460796,0.0392127601300989
"4x39",0.214534785523491,0.451754951464371,0.250847980136102,0.0102942515505241,0.0530064173837295,0.019561613941782
"4x40",0.320583087330827,0.141055798811668,0.244002969172362,0.0162866176768889,0.214284086422754,0.0637874405855002
"4x41",0.430729466155737,0.184167702042027,0.0707156417415546,0.0081370313138329,0.252880833688264,0.0533693250585844
"4x42",0.327498097744624,0.201128666773694,0.233313112148034,0.0656477703857955,0.117097511020747,0.0553148419271057
"4x43",0.567071890181694,0.0131647882608448,0.249452659509093,0.0331053587127548,0.0952050389667772,0.0420002643688365
"4x44",0.305541945261032,0.15350883345787,0.277875854192084,0.0847831942581182,0.114548998880408,0.0637411739504883
"4x45",0.40338824708743,0.259989233580645,0.141680377008576,0.0548805191778989,0.0788449593907874,0.061216663754664
"4x46",0.46069394847753,0.158162039169493,0.216549534209889,0.0435951022463518,0.0674058499032499,0.0535935259934865
"4x47",0.391847512204918,0.277452015285901,0.035723927721118,0.0850937830623784,0.148248905082724,0.0616338566429608
"4x48",0.188347866580235,0.291299530332138,0.276434743437785,0.0262739461524445,0.171489521581506,0.0461543919158917
"4x49",0.29675945070861,0.332919483213316,0,0.111052447926709,0.20066391439549,0.0586047037558754
"5x0",0.662890226569686,0.204206380706765,0.0169528286518835,0.069270604395981,0.0466799596756848,0
"5x1",0.855408498976008,0.000606262966775075,0.0585485969799276,0.0207633451453329,0.0548064743725612,0.00986682155939557
"5x2",0.984226707825912,0.00282115590868236,0,0,0.0115713513451534,0.0013807849202527
"5x3",0.971076528874435,0,0,0.00322243599115901,0.025701035134406,0
"5x4",0.950852575924849,0.0176216582689611,0,0,0.0315257658061896,0
"5x5",0.986324024415974,0,0,0.00732109065420588,0.00452844412750733,0.00182644080231288
"5x6",0.67034093004525,0.0239466733503343,0.167909700104434,0.0166678379996009,0.105933367019928,0.0152014914804521
"5x7",0.936581994262713,0.00140700799069408,0,0.0161917455430956,0.0458192522034968,0
"5x8",0.950929053658431,0,0,0,0.0490709463415691,0
"5x9",1,0,0,0,0,0
"5x10",0.999401554687553,0.000598445312447036,0,0,0,0
"5x11",0.971039544826984,0.0289604551730157,0,0,0,0
"5x12",0.99920944922585,0.000790550774149779,0,0,0,0
"5x13",0.921135679831802,0.0209874258788751,0,0,0.0578768942893229,0
"5x14",0.979478117268729,0,0,0,0.0205218827312713,0
"5x15",0.964132365299912,0,0,0.00444529217293313,0.0155640104938776,0.0158583320332774
"5x16",0.989633462309554,0,0,0,0.000468068392754494,0.00989846929769193
"5x17",0.945158856767783,0.0472866498394361,0,0,0.00755449339278046,0
"5x18",0.38764096951316,0.218122771404337,0.193783918398544,0,0.188881679235768,0.0115706614481906
"5x19",0.752791185511323,0.0892807688957378,0.0121993254056206,0.046389586307455,0.0993391338798637,0
"5x20",0.889982712661392,0.0104209341349686,0,0.011143045775024,0.0380792999818304,0.0503740074467848
"5x21",0.752543898883148,0.131074922729633,0.0338708811065915,0.0183623767105673,0.0466838489985577,0.0174640715715021
"5x22",0.61519554461221,0.0682410507184142,0.168653969885357,0.00120025763540768,0.120285918187082,0.0264232589615296
"5x23",0.65052017773305,0.000686624789722574,0.263011847802845,0,0.0770745015027317,0.00870684817165098
"5x24",0.494093139675899,0.0750588129794529,0.193606954811771,0.0318902358841003,0.192959922447888,0.0123909342008882
"5x25",0.41230260275379,0.114887426922501,0.243267675986446,0.0346775157245835,0.141008381882023,0.0538563967306561
"5x26",0.549725904841482,0.0852097562616536,0.173409944095609,0.0385114370974642,0.0523361874671805,0.10080677023661
"5x27",0.506453193763148,0.26045163367123,0.0551939673858289,0.0412898271209824,0.13195527612479,0.0046561019340199
"5x28",0.495877863762895,0.00402704076097846,0.198771846963689,0.0299513302765526,0.179884578440259,0.0914873397956263
"5x29",0.454447853945773,0.0277989212010318,0.147815384841917,0.0747669262845765,0.245404953833355,0.0497659598933466
"5x30",0.554563783239038,0.000937332161193256,0.208843238626401,0.0477088350735429,0.14935901734431,0.0385877935555141
"5x31",0.397895370804114,0.13221378134034,0.120150542892718,0.143944614331823,0.167549656977256,0.0382460336537493
"5x32",0.438106512262615,0.225877384368386,0.0989769562395836,0.0538043962878814,0.165394585375508,0.0178401654660255
"5x33",0.426616088458618,0.241336966577312,0.088340096869185,0.0762236874079265,0.134182395667258,0.0333007650197011
"5x34",0.229050418497341,0.194610955508292,0.201958212333183,0.020232027866982,0.275900040185515,0.078248345608687
"5x35",0.29084164369359,0.107041169509051,0.323018885563931,0.0875266426151378,0.132496643817085,0.0590750148012052
"5x36",0.376447816258037,0.207860148905496,0.180895558732089,0.0712885844321428,0.125474196799999,0.0380336948722364
"5x37",0.241119512256221,0.164861502122061,0.371661120503076,0,0.128516206977598,0.0938416581410446
"5x38",0.350354553274789,0.266410084305543,0.199765895198882,0.0440843977167259,0.0617915287315645,0.0775935407724957
"5x39",0.26956063173809,0.311743127873005,0.187000078879772,0,0.16111010560091,0.0705860559082232
"5x40",0.458275166395184,0.0866645390814001,0.178810706886045,0.0794259754400997,0.144517774725489,0.0523058374717823
"5x41",0.483545356276578,0.00896235950725652,0.197618127409344,0.0767020094498696,0.184770603550373,0.0484015438065789
"5x42",0.0619995570521761,0.385414789821715,0.193489458555806,0.13211942486477,0.171181536382796,0.0557952333227365
"5x43",0.239752236863695,0.218876393750068,0.308775760879192,0.0331318280286111,0.119553540462664,0.0799102400157701
"5x44",0.271114953991579,0.209731124893201,0.305333825899918,0.0885949474941803,0.108781021148501,0.0164441265726202
"5x45",0.314872159888399,0.308374896165621,0.22021153038252,0.0371368643799899,0.1084271518087,0.0109773973747702
"5x46",0.38565418095873,0.305143711923595,0,0.085367048534889,0.190629955872758,0.0332051027100282
"5x47",0.493444240437026,0.104547269265667,0.116745567553728,0.0468724634360099,0.17734052934165,0.0610499299659189
"5x48",0.453825502796034,0.108921052914007,0.20401844240406,0.0272222706316415,0.171818198760896,0.0341945324933614
"5x49",0.445341747046259,0.263454948199457,0,0.022756360097217,0.225500927488565,0.0429460171685012
"6x0",0.800696604639394,0.152217193786883,0,0.00739249106189671,0,0.039693710511827
"6x1",0.807962162179651,0,0.0800936051559102,0.00227479314142789,0.102285299748133,0.00738413977487743
"6x2",0.965140734997319,0,0.00233978234732327,0,0.0317364625164525,0.000783020138904945
"6x3",0.954663134402503,0,0,0,0.0453368655974967,0
"6x4",0.948782084040823,0,0,0,0.051217915959177,0
"6x5",0.921462260115189,0,0,0.00298936829915536,0.0754605391958528,8.78323898031153e-05
"6x6",0.841105656216765,0,0,0.0377491860648278,0.0936476028486693,0.0274975548697382
"6x7",0.449153719373364,0.120154763370181,0.217171646934467,0.0218888829478541,0.152878714810207,0.0387522725639266
"6x8",0.969637246805694,0.0303627531943064,0,0,0,0
"6x9",0.933592712357639,0.00392866048031469,0,0,0.0624786271620459,0
"6x10",0.964042900780676,0.00718946592424145,0,0,0.0285946260872998,0.000173007207782721
"6x11",0.874998582570184,0.0235036837437981,0,0,0.101497733686018,0
"6x12",0.967438314354514,0,0,0,0.0203362674409334,0.0122254182045523
"6x13",0.980432441958871,0.00376422457144751,0,0,0.0158033334696816,0
"6x14",0.545199636659351,0.00823648454275829,0.195367705311349,0.0711354806480244,0.121329921112016,0.058730771726501
"6x15",0.926014176531869,0,0,0,0.0739858234681313,0
"6x16",0.936127057286868,0,0,0,0.0638729427131318,0
"6x17",0.962754956607211,0.0120949537462425,0.0021925751173541,0,0.0229575145291919,0
"6x18",0.683450622888713,0.012389569335514,0.118474428326318,0.0318964082977943,0.119091709190945,0.0346972619607154
"6x19",0.845139232135009,0,0,0,0.14597220707468,0.00888856079031113
"6x20",0.875167685943754,0.0810962981105306,0,0,0.0369136712963996,0.00682234464931591
"6x21",0.875074130505415,0.00548218516207493,0,0.0523054131886248,0.0129820224460246,0.0541562486978606
"6x22",0.797645229670965,0.00961748220136985,0.0720170348032881,0.0152895275849008,0.105430725739476,0
"6x23",0.501266972678987,0,0.325730597762567,0,0.151433640346659,0.0215687892117856
"6x24",0.731639765862908,0.059843155057601,0.0402001188502065,0.074807905471786,0.0673689799408932,0.0261400748166056
"6x25",0.447896663919003,0.19545710927464,0.175306879669717,0.051702011061105,0.0824842196830028,0.0471531163925325
"6x26",0.435780722536105,0.139107909290736,0.25385662311543,0.0228714149416114,0.099717635402351,0.0486656947137664
"6x27",0.457898688809062,0.135022475338077,0.205471684449189,0.0379089447451238,0.118568108255852,0.0451300984026956
"6x28",0.476114432171135,0.193884825697901,0.0810264816158591,0.108335396356272,0.111582828499498,0.0290560356593348
"6x29",0.447077139394029,0.192047832870577,0,0.0428937714887257,0.266753667250345,0.0512275889963224
"6x30",0.416528182560084,0.170326233860014,0.170632706303306,0.0930250488879316,0.125786235743885,0.0237015926447801
"6x31",0.594204009332021,0.0214180723252607,0.184602683037505,0.0441789382471682,0.126616312962176,0.0289799840958693
"6x32",0.194385982074274,0.198350921276376,0.254980666432077,0.0887935518901486,0.182316137400825,0.0811727409262995
"6x33",0.304466721284014,0.15673205602539,0.290906107751774,0.0389775588087164,0.147740910607236,0.0611766455228686
"6x34",0.336163244123866,0.149940788972747,0.173016445059826,0.139785897803165,0.17722936589965,0.0238642581407464
"6x35",0.44255966317895,0.175517721670055,0.117443151334203,0.0293439703148291,0.17035235108435,0.0647831424176137
"6x36",0.386762711004166,0.0943738167268386,0.146981358268887,0.0413811757339112,0.282147691003999,0.0483532472621981
"6x37",0.344545017958944,0.249305483029878,0.0940403679138952,0.141205717137594,0.134916665357427,0.0359867486022616
"6x38",0.314486871053658,0.258898665827539,0.00446801720228124,0.0743969207572982,0.256931445506321,0.0908180796529029
"6x39",0.653042124022794,0.0488667367773032,0.105942735700187,0.031172002481213,0.0928500625592905,0.0681263384592118
"6x40",0.318355506602904,0.243707218457063,0.255132349572645,0.0385206218347994,0.075818339963973,0.0684659635686165
"6x41",0.21508669475071,0.222592896172474,0.355471346827012,0.00992892791866287,0.154949267271337,0.0419708670598047
"6x42",0.357258403896961,0.221911748020475,0.277004581558434,0.067979108210123,0.0258440505571888,0.0500021077568173
"6x43",0.177140669310378,0.358993175237707,0.217863725719006,0.0399825273672941,0.183621143061272,0.0223987593043428
"6x44",0.518611569776575,0.0996174939844975,0.231919193098899,0,0.102770935128788,0.0470808080112405
"6x45",0.359085743593064,0.199739138405992,0.18296257681205,0.0928178198556319,0.10990839820446,0.0554863231288023
"6x46",0.247945662305794,0.210472666703039,0.327508685527756,0.0678976517087124,0.107778140015751,0.0383971937389485
"6x47",0.341071367465887,0.217241934798571,0.182334543230726,0.00456717971320067,0.209704261180841,0.0450807136107741
"6x48",0.447329456767001,0.149851284827882,0,0.0918243587204055,0.266591115520054,0.044403784164657
"6x49",0.419665532941275,0.144914169641671,0.0997584665000021,0,0.260300182033848,0.0753616488832038
"7x0",0.838710397326968,0.137626173822717,0,0,0.0236634288503147,0
"7x1",0.734921774421225,0.00144590814262794,0.0600132750247867,0.0683709636334525,0.133657290612881,0.00159078816502705
"7x2",0.952802524542224,0,0,0,0.0471974754577757,0
"7x3",0.403516637142741,0.0140783741855768,0.201161893399297,0.0949514561579432,0.248663738048452,0.0376279010659896
"7x4",0.49568167638398,0.000713875240560007,0.0138518751395016,0.107793766340176,0.321875783155797,0.0600830237399855
"7x5",0.965113970519617,0,0,0,0.0348860294803836,0
"7x6",0.988578335147562,0,0,0.000456717917357499,0.00950236310976887,0.00146258382531153
"7x7",0.989357827819055,0,0,0.00132399161507946,0.00286075252662001,0.00645742803924598
"7x8",0.988826438237131,0,0,0,0.0111735617628692,0
"7x9",0.944799609681317,0,0,0,0.0552003903186832,0
"7x10",0.996154596106866,0,0,0,0.00384540389313433,0
"7x11",0.934860309541682,0.0434369012652483,0,0,0.0217027891930695,0
"7x12",0.485841768937216,0.0162942400581966,0.180119716597468,0.0695110254502749,0.186449587482089,0.0617836614747563
"7x13",0.958157458882348,0,0,0,0.0408354725799948,0.00100706853765718
"7x14",0.919575541594003,0,0,0.00258508265385411,0.0778393757521424,0
"7x15",0.995184536639479,0.00481546336052101,0,0,0,0
"7x16",0.943298205940617,0.0353931063388109,0,0,0.0213086877205726,0
"7x17",0.98298506089651,0,0,0,0.0134845292118398,0.00353040989165026
"7x18",0.946825887211416,0,0,0,0.053174112788584,0
"7x19",0.713042840928682,0.0400409189701383,0.178045823874393,0.039401367056545,0.0294690491702415,0
"7x20",0.535282129675778,0.326460784866296,0.0316847709572323,0.0241764209205725,0.082395893580121,0
"7x21",0.569036510586246,0.215526435518793,0,0.0156876748325232,0.189424102608485,0.0103252764539523
"7x22",0.650310868194484,0.0519124898590573,0,0.0464039329193618,0.201245063233024,0.0501276457940723
"7x23",0.515159283346398,0.177713050851594,0.0542953153979229,0.0474155456249915,0.18788102095375,0.0175357838253429
"7x24",0.797409055702332,0.0713134727810825,0.0709982799404925,0.0221028681766149,0,0.0381763233994777
"7x25",0.431165285432164,0.156973961594446,0.149030820691697,0,0.23767045847313,0.0251594738085627
"7x26",0.300939851913674,0.0586530107363226,0.338876476809928,0.0222141435942702,0.17080792645304,0.108508590492765
"7x27",0.461694767350544,0.0486214189096173,0.293828313908027,0.00360702037059379,0.167248287496395,0.0250001919648226
"7x28",0.356081130277709,0.0878184206078352,0.214580982241351,0.0779936998945024,0.134707538694769,0.128818228283834
"7x29",0.2801181517977,0.182046357944803,0.239346081689016,0.0815436749849721,0.159645043415848,0.0573006901676602
"7x30",0.37928645341825,0.183992560132625,0.0568583278988018,0.0981193405702443,0.244496685051014,0.0372466329290652
"7x31",0.523820886223215,0.0848770856089381,0.174415471964947,0.0242886861763752,0.122986634648201,0.0696112353783234
"7x32",0.267454953517617,0.0978306289496061,0.315352681348589,0.0783915308194397,0.144018537806453,0.0969516675582952
"7x33",0.378258604975507,0.029962083999115,0.334571112321609,0.00311756920267878,0.193245320198614,0.0608453093024773
"7x34",0.157813707586954,0.299731290041632,0.252804967982236,0.00192452701648046,0.191738828568539,0.0959866788041596
"7x35",0.339257206133289,0.128317933513655,0.226126026675882,0,0.193807084315201,0.112491749361973
"7x36",0.405276385609344,0.102957155449923,0.230583707032747,0.022429681648095,0.174614364239068,0.0641387060208231
"7x37",0.265851336366704,0.0658356872217463,0.118008892433748,0.0759772492142724,0.391394197707153,0.0829326370563759
"7x38",0.210714277288432,0.227802799934611,0.260781751934057,0.0999693975844811,0.124521017539017,0.0762107557194023
"7x39",0.647257440534791,0.00981679510872181,0.123189296133726,0.0991393411282384,0.0966769598531821,0.0239201672413408
"7x40",0.20963537432526,0.421070011375399,0,0.14000356640343,0.144744788222352,0.0845462596735589
"7x41",0.345061963821792,0.270337349564656,0.13424648753893,0.0201172296149787,0.123831117392227,0.106405852067417
"7x42",0.48102521942546,0.120110303249395,0,0.00185225771988529,0.258730056793239,0.13828216281202
"7x43",0.415497804998008,0.227899130845717,0.169653310370832,0.0188461248904039,0.108221838630445,0.0598817902645941
"7x44",0.291467036618304,0.283423905530822,0.137573299546022,0.0340231000504153,0.197128068383146,0.0563845898712908
"7x45",0.413968071117462,0.129186633410666,0.176462815568051,0.0163014338083534,0.244444440609848,0.0196366054856198
"7x46",0.263696912374206,0.00610541174150583,0.395248564082895,0.0916586534202054,0.201521952739975,0.0417685056412132
"7x47",0.226799378690126,0.266065749803938,0.220476127388428,0.0118099473261964,0.193608202652902,0.0812405941384093
