"","Cancer","Ductal","mDCs","Macrophages","Mast","Monocytes"
"0x0",0.442036629764622,0.201761696703992,0.210884213547788,0,0.145317459983598,0
"0x1",0.424343587822829,0.151499251065542,0.32543206574736,0,0.0853010019832968,0.0134240933809723
"0x2",0.445900814322309,0.338300968648733,0.0976618296626198,0,0.113802853828799,0.00433353353753939
"0x3",0.405178077045515,0.151135718486238,0.278082483387855,0.0164180097825045,0.112763462063232,0.0364222492346564
"0x4",0.496552627334572,0.169512715770111,0.131910312620109,0.0026794234759773,0.137918699575575,0.0614262212236554
"0x5",0.528918545859585,0.213254743109864,0.128032974631789,0,0.112886587935749,0.016907148463013
"0x6",0.499843286808848,0.263926608278133,0.00294410962804831,0.0389833004718003,0.194302694813171,0
"0x7",0.437577529303241,0.271757615357192,0.159512795981436,0,0.131152059358132,0
"0x8",0.481581869810023,0.345737389708914,0.00122414167881416,0.000547749996775409,0.148156910420542,0.0227519383849309
"0x9",0.505076943995419,0.213179584808452,0.0646272380814893,0,0.215992941898437,0.00112329121620172
"0x10",0.522259532833288,0.190547544992911,0.174598352798768,0.0125401887408095,0.100054380634223,0
"0x11",0.45631491433709,0.294632384514559,0.000441298147286748,0.0559831429892542,0.16408549535991,0.0285427646519
"0x12",0.541361176362553,0.248737316493385,0.0952242916497508,0.00110110549964658,0.0716535454790438,0.0419225645156211
"0x13",0.427790749868669,0.362701939833349,0.0382641780852325,0.00860360487687504,0.135719901619607,0.0269196257162666
"0x14",0.507099741368011,0.272188820205356,0.0234046098645552,0,0.189610051872159,0.00769677668991905
"0x15",0.472876874143463,0.307738593233451,0.109219368980186,0.0164299275627021,0.0826648413896154,0.0110703946905826
"0x16",0.503220400791622,0.291216334051342,0.000219880742975181,0.0273031782776127,0.177056557631831,0.00098364850461759
"0x17",0.451676311123751,0.271665428457858,0.0359929235725728,0.0073767581435455,0.220063051297027,0.0132255274052462
"0x18",0.365824772854409,0.2891734395971,0.132339911237933,0.0478205255837886,0.12107582795211,0.0437655227746593
"0x19",0.528997320655155,0.156188841401188,0.132293027078836,0.030814015832342,0.151706795032478,0
"0x20",0.433668924412855,0.249295548727234,0.0732667712188083,0,0.167671711594369,0.0760970440467335
"0x21",0.375069728522151,0.172107750348677,0.287002173627196,0.000105234885236953,0.165715112616738,0
"0x22",0.302686286398511,0.362221118254318,0.0391917828211146,0.0537779570093426,0.1730437843462,0.0690790711705138
"0x23",0.275219525986442,0.292493947420486,0.302782605900856,0.0533931818125059,0.0528030658399892,0.0233076730397203
"0x24",0.443750744461829,0.261421634167968,0.000932444266867934,0.0635799869368349,0.206128328903475,0.0241868612630247
"0x25",0.340369287758269,0.205454679365767,0.281348281929052,0.0181284738113309,0.136862701375033,0.0178365757605474
"0x26",0.411579315216669,0.231995126951214,0.181471104410464,0,0.164994890503631,0.00995956291802295
"0x27",0.405163378449198,0.110061690883464,0.273822451634862,0.0248212046494283,0.180050341096617,0.00608093328643058
"0x28",0.244351434913165,0.162818502967522,0.277663753124787,0.00268453927664308,0.263822807417612,0.0486589623002711
"0x29",0.328204854084565,0.156555055090847,0.396835104149559,0,0.088330983659155,0.0300740030158746
"0x30",0.27601963930597,0.325616687508783,0.148634347436041,0.115352700491472,0.119300645684675,0.0150759795730581
"0x31",0.393695230691817,0.22830343313211,0.270268693759992,0.00963235661439989,0.0923602714635883,0.00574001433809285
"0x32",0.304896080853245,0.120703132602001,0.392459245702319,0.0296198067350754,0.141058976048195,0.0112627580591641
"0x33",0.39590115523387,0.224483470758463,0.228836106713607,0.00795972956674422,0.142819537727315,0
"0x34",0.336772769815437,0.0668190614490655,0.144467969361994,0.0412203008669805,0.405693890321446,0.00502600818507771
"0x35",0.311614826999301,0.0517694064111374,0.402867799825344,0,0.218006684556746,0.0157412822074713
"0x36",0.262526490054252,0.246554058543486,0.151807289216011,0.0310098230487024,0.273666229158473,0.0344361099790749
"0x37",0.237266162643813,0.224364848649385,0.23165365574959,0.0859727313177768,0.190163917737782,0.0305786839016539
"0x38",0.328204349941165,0.230852264068828,0.143631300079141,0.0944307788728682,0.104432447537355,0.0984488595006422
"0x39",0.180607876826708,0.281423799656282,0.400649377846553,0,0.132855047808026,0.00446389786243175
"0x40",0.324275006283865,0.224137274590984,0.227237023367145,0.0498280345148324,0.164052234420537,0.0104704268226361
"0x41",0.197159784399341,0.171865944525924,0.385513679305053,0.0279651849477311,0.0805358209661947,0.136959585855755
"0x42",0.166123903512369,0.194944326568009,0.302261408532792,0.0151564592559775,0.263861174444845,0.0576527276860069
"0x43",0.312627418058766,0.198385241248523,0.254745618254033,0.0582960230549233,0.143859262929939,0.0320864364538156
"0x44",0.251722454494518,0.238250680745052,0.211573675273001,0.060551267882363,0.236968659251499,0.000933262353566811
"0x45",0.418779915439411,0.115811506017168,0.218995946617269,0.0998396724647885,0.145095961658024,0.00147699780333949
"0x46",0.295179695110885,0.183838587843605,0.210990519618672,0.0483947207729845,0.241603351798195,0.0199931248556591
"0x47",0.244520316102707,0.246001784874598,0.314754141716968,0.00106219052147905,0.132798739833902,0.060862826950347
"0x48",0.261887987246189,0.198110869278809,0.304704706944855,0.0194183353502764,0.14965094376871,0.0662271574111599
"0x49",0.331186714919983,0.21498927588006,0.251829448105935,0.0695555991046242,0.108365780061848,0.0240731819275496
"1x0",0.456038104638228,0.318193499309247,0.0821481797955108,0.0367934827536438,0.106826733503371,0
"1x1",0.466412239129138,0.232818917339428,0.108740018594342,0.0259964755859936,0.166032349351098,0
"1x2",0.483836267222333,0.160342467189509,0.188649383842418,0.0499226609616136,0.117249220784126,0
"1x3",0.448642079890766,0.215368004425421,0.223845781818948,0.00522302249243824,0.0895340549004308,0.0173870564719964
"1x4",0.578742532981359,0.275933369970988,0.000864231142462106,0.040807348358599,0.0822466362655127,0.0214058812810791
"1x5",0.497141906101311,0.277449140542816,0.0461156979171389,0,0.168003064539523,0.011290190899211
"1x6",0.388325886891006,0.340161615598839,0.0796038454464564,0,0.186324246741825,0.00558440532187412
"1x7",0.466393444918103,0.342038851934003,0.0494958559256854,0,0.142071847222208,0
"1x8",0.509375032822765,0.257201537284273,0.0224024392491222,0.0235413165600224,0.187479674083817,0
"1x9",0.516912035891076,0.293766514861363,0.000364616679876343,0.0433497711387808,0.145607061428904,0
"1x10",0.245636620355521,0.0847215635654801,0.464585293469969,0.0641888569273765,0.0927494160100897,0.0481182496715635
"1x11",0.355287326823996,0.464603618374462,0.068705241178297,0.01206905416962,0.0834908850985102,0.0158438743551149
"1x12",0.447166189363242,0.277585349872889,0.0955338901243678,0,0.145165080803551,0.0345494898359497
"1x13",0.463881417351572,0.2218305855264,0.09035693401838,0.0225457752560313,0.179143488920767,0.0222417989268491
"1x14",0.405575959607019,0.33395177200419,0.0476103797441812,0,0.15084363747244,0.06201825117217
"1x15",0.41902341599477,0.330551529963109,0.0624036784708577,0.0422236430892656,0.13317906219852,0.0126186702834773
"1x16",0.423506573697334,0.134562769057533,0.0964388391525618,0,0.302103561772193,0.0433882563203784
"1x17",0.484292983594391,0.270562191416653,0.10605419379292,0.017332469911701,0.121758161284335,0
"1x18",0.461739810922932,0.244464073180944,0.128188665080548,0.0198600001389593,0.145588516676613,0.000158934000004853
"1x19",0.509258805550261,0.22772714431771,0.152980698994978,0.0366310171896982,0.0733093242103453,9.3009737007794e-05
"1x20",0.447226372721037,0.104831245963831,0.341389628842577,0,0.0969324798032751,0.00962027266927933
"1x21",0.473605525628151,0.214526329452568,0.0699550858109415,0.017817001487016,0.142541499239613,0.0815545583817102
"1x22",0.353602892617871,0.209014868816013,0.166275248917239,0.00730889809608089,0.256684086394784,0.00711400515801175
"1x23",0.459491102638705,0.0719229260209029,0.290520061681063,0.0131894697576285,0.160166068969627,0.00471037093207329
"1x24",0.339016348275548,0.280191231408142,0.230371311205342,0.0216224678558314,0.126018183767628,0.00278045748750852
"1x25",0.313047922245464,0.244693833360892,0.212331664652041,0.0793722391184124,0.144062660639744,0.00649167998344698
"1x26",0.379084972265667,0.197393735440318,0.121871547461376,0.00146560251967581,0.115021628887119,0.185162513425844
"1x27",0.282529558010147,0.223633678670405,0.299089425561885,0,0.125266310489012,0.0694810272685514
"1x28",0.318632945872413,0.293595598370631,0.238838350286581,0.0477478309845554,0.0535770512237227,0.0476082232620974
"1x29",0.227494174284356,0.310632795151526,0.186760860760293,0.0737541328488997,0.0842777407103393,0.117080296244586
"1x30",0.266142037205261,0.171535771703486,0.286942763358094,0.0705605695100494,0.204818858223109,0
"1x31",0.322652557555743,0.171621570833295,0.255081100513465,0.00455505431877503,0.112096268781945,0.133993447996777
"1x32",0.345544809882654,0.174720111650572,0.331772331438332,0.0178394086761442,0.109275134977936,0.0208482033743627
"1x33",0.365329424312579,0.138001950245131,0.390071744671014,0,0.0999917642679285,0.00660511650334865
"1x34",0.259519124724172,0.194621779053601,0.241452673826092,0,0.281719869102746,0.0226865532933886
"1x35",0.294071013033331,0.126821686484378,0.381634151158219,0.0302898082378488,0.167183341086223,0
"1x36",0.313295729208366,0.236789904612757,0.182782256386189,0.0607009491113577,0.206431160681329,0
"1x37",0.277742790818349,0.191340422916071,0.190519704541675,0.0493561702689852,0.196427791838015,0.0946131196169048
"1x38",0.278185536334624,0.248358511308891,0.305257574299505,0.00196305206373662,0.12546465732382,0.0407706686694227
"1x39",0.343137325504583,0.187966649171692,0.0756318191884903,0.0802283008377069,0.22178745489718,0.0912484504003483
"1x40",0.206669349293859,0.176428665069516,0.31761543214351,0.0439902665735558,0.242224094307982,0.0130721926115756
"1x41",0.248613502317517,0.137269203529482,0.402947139728564,0.104176464750545,0.106993689673892,0
"1x42",0.248169265745703,0.258896646387491,0.338069983393944,0,0.10688124773473,0.0479828567381318
"1x43",0.228754373259487,0.117058294057602,0.421582244643979,0.00091748302878206,0.158214106313944,0.0734734986962061
"1x44",0.161995983541333,0.215065305983017,0.481382889574083,0.00074761791921068,0.140808202982356,0
"1x45",0.322140153879456,0.118660641336505,0.367264402672771,0.00408665531046826,0.112596260264189,0.0752518865366113
"1x46",0.272649821844844,0.252325360678344,0.0789311354324865,0.0850006199228936,0.209168292376827,0.101924769744604
"1x47",0.334727783020869,0.116457874606614,0.347887513904614,0.100297976299037,0.0996890023934842,0.000939849775382214
"1x48",0.282294183334096,0.356164249956661,0.23676361503189,0.0254405099368204,0.0993374417405334,0
"1x49",0.290551093190344,0.218378463558344,0.248560744706263,0.0314844053819313,0.211025293163118,0
"2x0",0.502154666664396,0.262815091848101,0.102339859720621,0.0064050206621437,0.120456704447187,0.00582865665755026
"2x1",0.424310794475973,0.301132316864276,0.177377154237422,0,0.0970867790774529,9.29553448759489e-05
"2x2",0.472369066908462,0.300581402308478,0.0428616507070803,0.0647612652125209,0.119426614863459,0
"2x3",0.536387815257399,0.26438921118536,0,0.000211749936112843,0.199011223621128,0
"2x4",0.565509089400003,0.25346135376782,0.0409665021800885,0,0.125086124378422,0.0149769302736665
"2x5",0.442507069461715,0.223275760224121,0.174735188818801,0,0.153101227216053,0.00638075427930989
"2x6",0.367762071924315,0.0500927178091354,0.34510003615152,0.00720836851547659,0.196745558268442,0.0330912473311117
"2x7",0.400779735031186,0.382526340832772,0.000743887713480036,0,0.215950036422562,0
"2x8",0.520129324726236,0.257468678000744,0.0442590438262053,0,0.15563830175542,0.0225046516913955
"2x9",0.48424688898433,0.281064824834122,0.0628143401489709,0.000186554705655773,0.171687391326922,0
"2x10",0.530397348130595,0.20351492791428,0.0179528043035566,0.0210005066464927,0.194806303527293,0.032328109477783
"2x11",0.528291999461949,0.230715542980971,0.0164502903213497,0.0169395194310953,0.179522650654256,0.0280799971503788
"2x12",0.552863153879466,0.279421987522455,0,0.00947922284813365,0.158235635749945,0
"2x13",0.155554732790179,0.106689840309473,0.430537153785921,0.0341209454183725,0.196048867398296,0.0770484602977588
"2x14",0.504719170775342,0.261595265794449,0.0742240295273845,0,0.155791980244798,0.003669553658027
"2x15",0.537013586635962,0.275919798439871,0.026763096889804,0.00454765272000229,0.155607136414005,0.000148728900356052
"2x16",0.36412649760842,0.220025001749575,0.194261095631354,0,0.174199531410955,0.0473878735996963
"2x17",0.558164028632882,0.143318368980161,0.0953091002714549,0,0.203208502115502,0
"2x18",0.375789599129563,0.254243965906712,0.214836806179638,0.00579899497522117,0.121814252546727,0.0275163812621389
"2x19",0.374565363194039,0.295591732597557,0.159256859346,0.0124286617696417,0.100662675773387,0.0574947073193756
"2x20",0.397666256089146,0.318743163390344,0.134798396137588,0.00727615455663207,0.13433376266229,0.00718226716400005
"2x21",0.398003802815988,0.205468285533435,0.106889758574921,0.0563590936790522,0.233279059396604,0
"2x22",0.394316161671641,0.230910044477356,0.150878809287773,0.0314954548570419,0.17353892671301,0.0188606029931774
"2x23",0.362114228348135,0.233605071275128,0.220750615466359,0.0773313193423254,0.101174356905786,0.0050244086622667
"2x24",0.513501622945795,0.075802392584587,0.151203658801434,0,0.259492325668184,0
"2x25",0.359651986089908,0.252033060635471,0.299894582271783,0,0.0877099831685433,0.000710387834294981
"2x26",0.392208925387375,0.197265872312464,0.234931709630223,0,0.17490877888132,0.000684713788619108
"2x27",0.392043879387415,0.0833841539447479,0.221146489759072,0.0847011007932592,0.1770177804951,0.0417065956204057
"2x28",0.262631769026494,0.0740490327958818,0.166428770146764,0.115357394156491,0.349463269860301,0.0320697640140691
"2x29",0.401352156682391,0.241818281595942,0.228247763343506,0.00693993957939477,0.103601322808801,0.0180405359899662
"2x30",0.34005333267057,0.196615610130273,0.100714362295548,0.076822457280255,0.200723405668378,0.0850708319549754
"2x31",0.316273377156775,0.111743925546378,0.364062609235409,0.000796567486820091,0.159477495160158,0.0476460254144597
"2x32",0.34134652642324,0.214930744985933,0.213530137191884,0.0439502475355002,0.0929893076993155,0.0932530361641278
"2x33",0.245605728791022,0.223248577221571,0.191901902405889,0.0920671824780611,0.245613866002698,0.0015627431007586
"2x34",0.384456304980932,0.190563421213268,0.255057030193337,0,0.169923243612464,0
"2x35",0.380112272943495,0.242101551515297,0.270611155695477,0.000350780149282371,0.0780746770740157,0.0287495626224332
"2x36",0.246113199088849,0.112704388216566,0.466708632126909,0.000619363370440056,0.173684094142799,0.000170323054436013
"2x37",0.313350182329854,0.320985477369638,0.127185030263448,0.037107262703363,0.173963056088584,0.027408991245113
"2x38",0.287371201390688,0.0915568703405046,0.345782883075502,0.0385306411169997,0.208689413336321,0.0280689907399843
"2x39",0.208146470688599,0.344050457516016,0.212448780289238,0.0867415000012856,0.129037816103266,0.019574975401596
"2x40",0.266980433320884,0.211163738345008,0.270935492356584,0.0103586379990806,0.142427153837923,0.0981345441405208
"2x41",0.247747761402028,0.317281635356883,0.303629307661531,0.0489844697512559,0.067339284333609,0.0150175414946937
"2x42",0.243681503526874,0.260524337603113,0.303148247840377,0.01446468193011,0.15581244028966,0.022368788809866
"2x43",0.242734271188349,0.11075838051646,0.506307160577607,0.000379944328677383,0.121405226261544,0.0184150171273629
"2x44",0.238218671016651,0.29330095724293,0.223171147959223,0.0070011391342057,0.220768016138912,0.0175400685080794
"2x45",0.326057475535841,0.191413175416721,0.339571321056968,0.0524306630017124,0.0905273649887575,0
"2x46",0.208684213087246,0.178579444327342,0.332351646392582,0.0137676678008603,0.194994551734403,0.071622476657566
"2x47",0.238179996075737,0.0655857437253018,0.430525398651374,0.0146364590985841,0.251072402449003,0
"2x48",0.231651380048403,0.267680369986877,0.250210142062287,0.000809369282939096,0.196310556102025,0.0533381825174686
"2x49",0.23295544415001,0.270969975230732,0.242201686659086,0.0273051353375564,0.182820903185277,0.0437468554373376
"3x0",0.468144527768925,0.214820554426839,0.0952036201649477,0.0362747353757271,0.167644584958896,0.0179119773046654
"3x1",0.400617444335098,0.440503238307591,0,0.00794053687433462,0.114665920581294,0.0362728599016831
"3x2",0.509292531765087,0.252917421448657,0.0935059698735909,0,0.144284076912664,0
"3x3",0.508631001078962,0.324942679451828,0.0678795941143612,0,0.0985467253548484,0
"3x4",0.482340102782302,0.325301304269133,0.0549305900741003,0.003045429908114,0.133493588507677,0.000888984458674052
"3x5",0.446762234678252,0.318682060609321,0.00138751480275567,0.00241157518159933,0.229410296305148,0.00134631842292358
"3x6",0.531832281626671,0.25902011764259,0.0531212133749988,0,0.117753936499151,0.0382724508565892
"3x7",0.519869221173408,0.265681054384383,0.071641976339418,0,0.141053350986895,0.00175439711589646
"3x8",0.310331231056409,0.142722052620347,0.376423078889756,0.0237322129450641,0.107410841253067,0.0393805832353561
"3x9",0.467789147868956,0.276990847892713,0.0293162858391578,0.0388183641782886,0.186171130808858,0.000914223412025582
"3x10",0.475789444331558,0.329149313084304,0,0.0325279711332227,0.128471353148765,0.0340619183021509
"3x11",0.421111319310504,0.433522644494213,0.00242458073812841,0,0.142941455457155,0
"3x12",0.466773615875365,0.247100349550709,0.14408520643027,0,0.137160545693209,0.00488028245044749
"3x13",0.497807555145429,0.338823847058092,0.0300841581053847,0,0.126993750923416,0.0062906887676781
"3x14",0.372816384865221,0.200452800049427,0.295313403338815,0,0.123141113665005,0.00827629808153296
"3x15",0.48733996924511,0.273512989285929,0.0624335616098679,0,0.147294433847901,0.0294190460111922
"3x16",0.453141727163216,0.309351915735592,0.125961139365368,0.000672554491849349,0.110872663243974,0
"3x17",0.490535956561911,0.162616171509464,0.119289725762125,0,0.2275581461665,0
"3x18",0.479148936571072,0.231916662010324,0.0865813959439203,0,0.154401508172907,0.0479514973017768
"3x19",0.420911316312222,0.314523302044209,0.121869637530246,0.014978498116434,0.0965479061195945,0.0311693398772952
"3x20",0.372123768118118,0.301225231675531,0.145320461555568,0.0506597258470446,0.130670812803737,0
"3x21",0.315671710033355,0.197464464904785,0.160160745828433,0.0326960935438882,0.289972526154407,0.00403445953513065
"3x22",0.415584648479288,0.288272322532854,0.129809965529864,0.0513543803239999,0.114978683133994,0
"3x23",0.516989029347396,0.121798699331192,0.159342291082499,0.0259584298845879,0.175911550354325,0
"3x24",0.371613708597137,0.178378289799236,0.327311276422768,0.0126703982035129,0.0972886667909496,0.0127376601863969
"3x25",0.20698910970019,0.190333778132277,0.339365971139804,0.00437588129968503,0.250893522176855,0.00804173755118864
"3x26",0.338904810983307,0.175693727415421,0.410173087714086,0.00647263084208566,0.0687557430450992,0
"3x27",0.327287278019129,0.18854705626064,0.137046045837212,0.0607241125434472,0.225757254488233,0.0606382528513391
"3x28",0.233750290467991,0.406619152820251,0.180220020953822,0.0842617931913777,0.0951487425665579,0
"3x29",0.294456086436879,0.249682668280443,0.358163473358808,0.00474022671857285,0.0855717150063037,0.00738583019899413
"3x30",0.285844748935875,0.167666678371948,0.380597757729471,0.0120370246096199,0.107630879335149,0.0462229110179368
"3x31",0.272026249279583,0.148962851797481,0.370542304037451,0.041138332662994,0.165913247243546,0.00141701497894547
"3x32",0.353142401147994,0.235066834012064,0.212194346013952,0,0.161821258047738,0.0377751607782527
"3x33",0.317942596833063,0.0974010108138154,0.458773610167898,0.0285349904175352,0.0841007480055289,0.0132470437621598
"3x34",0.228059940628407,0.124094798727387,0.405938136524691,0.0247589531125445,0.106371351699854,0.110776819307118
"3x35",0.189071444749034,0.176668833584825,0.320831072115962,0.0350789742270368,0.193317825969745,0.0850318493533976
"3x36",0.365942152040931,0.174141225703756,0.190685383362234,0.049913767939925,0.173697004271507,0.045620466681647
"3x37",0.22564776045709,0.223603339035427,0.286851904565565,0.0477201366575371,0.21614186148145,3.49978029301666e-05
"3x38",0.274722742284324,0.241955469336867,0.288364393805584,0.130743968412363,0.0427365519643274,0.0214768741965343
"3x39",0.201593908921252,0.214125643636076,0.316481243791214,0.0082037873956382,0.237067267047821,0.0225281492079985
"3x40",0.222337255654831,0.106663119850091,0.317073519804555,0.1304345736503,0.223491531040222,0
"3x41",0.229758488372612,0.220271738396084,0.379983033603591,0.0267547164430831,0.119095018350509,0.0241370048341215
"3x42",0.303404434267522,0.201790557120499,0.343415603960634,0.0818665418197644,0.06952286283158,0
"3x43",0.260020509691622,0.123774896462711,0.349259905218612,0.0136722692235795,0.236749354357818,0.0165230650456571
"3x44",0.279496041207906,0.298535798556773,0.133424626665944,0.0434790430298008,0.131404639048351,0.113659851491223
"3x45",0.389508765305499,0.188512138348819,0.185021541384035,0.0778276753010762,0.0440007150966462,0.115129164563924
"3x46",0.336768974665044,0.121157318061121,0.240121527882415,0.011696824381017,0.218555245047855,0.0717001099625479
"3x47",0.312883645885109,0.234830449250892,0.128480305076603,0.126288119497683,0.189737433824378,0.00778004646533579
"3x48",0.403677352659981,0.158663168295078,0.145788792273696,0,0.156582966655652,0.135287720115594
"3x49",0.242083089980008,0.233037731204339,0.318227849973474,0.0292607379242963,0.155078389307378,0.0223122016105056
"4x0",0.423969994725104,0.334906629606067,0.0737297380546796,0,0.157442918772758,0.00995071884139126
"4x1",0.412973501338192,0.313317110314287,0.156685837977126,7.1866040409367e-05,0.116951684329985,0
"4x2",0.445673842020029,0.273740776564825,0.187946827490682,0.000574789530193485,0.0920637643942716,0
"4x3",0.54159396566913,0.197090721120431,0.0353023079374118,0,0.157010846158665,0.0690021591143624
"4x4",0.593002356497056,0.26428014277345,0.00643851707760761,0.00183812387473453,0.133586946638504,0.000853913138647501
"4x5",0.488499924319704,0.328148186415427,0.0148396159055443,0.00933114897472636,0.146197955307967,0.0129831690766315
"4x6",0.512624654591273,0.349248579617178,0.0215290228184089,0,0.109596363463069,0.0070013795100706
"4x7",0.456222203159019,0.311429457668318,0.00139350954252141,0.01489456012267,0.20590892983398,0.0101513396734915
"4x8",0.510853772305384,0.299056922403912,0.00995849483229661,0,0.179397914076043,0.000732896382363758
"4x9",0.481720596929149,0.301048764662744,0.101247717901029,0,0.115982920507078,0
"4x10",0.511712931444687,0.23747450785946,0.00763201866244762,0,0.221456892732006,0.0217236493013998
"4x11",0.438272771765042,0.371107388378653,0.00892360205639585,0.0282828328639392,0.139655169093941,0.0137582358420296
"4x12",0.525967339285893,0.271779045964446,0.0198800223764691,0.0153918796896262,0.166981712683565,0
"4x13",0.543365698140435,0.300217928378818,0.018888997114444,0,0.125069815152852,0.012457561213451
"4x14",0.506979043009017,0.289033464466613,0,0,0.19188236054806,0.0121051319763106
"4x15",0.469908313091998,0.336350240295956,0.0856066768349421,0.000349110760584645,0.107785659016519,0
"4x16",0.498543231493919,0.267758640609731,0.000860523415653145,0.00966806858004632,0.206307408299693,0.0168621276009571
"4x17",0.510609938547808,0.257925783856804,0.0104438033243452,0.0496218597220811,0.106749061846302,0.0646495527026598
"4x18",0.514922897583746,0.202586660653652,0.113104267844052,0,0.140911173567737,0.0284750003508137
"4x19",0.450392026115579,0.2090084916386,0.15602841427637,0.0265653342081053,0.130921333521396,0.0270844002399496
"4x20",0.475105333578672,0.356568182171719,0.0626184205713604,0.0335484374337844,0.0721596262444647,0
"4x21",0.375056989100452,0.278228344769266,0.12076857473577,0.046313935722974,0.151960387347306,0.0276717683242318
"4x22",0.366763368973039,0.335100670387771,0.15862536732628,0.0197837204151595,0.11972687289775,0
"4x23",0.277768629278616,0.263949969617153,0.371013129412325,0,0.086943275314451,0.000324996377455119
"4x24",0.350845065922901,0.185459537178206,0.170648300088591,0.0142032621407316,0.265661579638816,0.0131822550307549
"4x25",0.449734523611909,0.210233389188145,0.240098170799819,0.0427362947050742,0.0495004086002856,0.00769721309476805
"4x26",0.27162714237484,0.141143294528071,0.417766279675843,0,0.135921966005534,0.0335413174157113
"4x27",0.390749407743347,0.173922635254153,0.264100412972121,0.0134596059390202,0.11687241899979,0.0408955190915692
"4x28",0.279260063855088,0.202761656391177,0.290978706278354,0.0194171713530508,0.177111823430014,0.0304705786923171
"4x29",0.267948530932445,0.0652914311456468,0.440499776389789,0.0141750612987338,0.209431327109007,0.00265387312437796
"4x30",0.251120678069098,0.182132886311452,0.246258682238072,0.00534280719719979,0.204042582500123,0.111102363684055
"4x31",0.113434113805449,0.440490996712853,0.29641257144295,0.0624406125686246,0.0848768761670071,0.00234482930311678
"4x32",0.270311547844729,0.141358504984886,0.356418220653262,0.00278808387918297,0.105641616391541,0.123482026246399
"4x33",0.365067036477442,0.110756253804119,0.241634774180174,0.0684649465407817,0.205970792394231,0.00810619660325208
"4x34",0.291476919415724,0.140153557317577,0.373572748780334,0.0054339191616094,0.138109911025974,0.0512529442987828
"4x35",0.320314428113663,0.148539963039694,0.314110653764152,0.0319975532471823,0.146729404619007,0.0383079972163023
"4x36",0.299462219491287,0.097957440737371,0.397875372029717,0.0872128655760605,0.117492102165565,0
"4x37",0.332139189409791,0.0856198850243524,0.202667797095815,0.0947328276118869,0.258747336016443,0.026092964841712
"4x38",0.337213144979508,0.274231296791403,0.14082403999263,0.0252982779411561,0.176038483097102,0.0463947571982003
"4x39",0.194855437946605,0.348915512102488,0.388773830320991,0,0.0624097995987864,0.00504542003113042
"4x40",0.249763856990829,0.0839311797739252,0.407079012812565,0,0.258542402503836,0.000683547918844973
"4x41",0.255785995085004,0.206700342119293,0.182905933775476,0.0212457803334764,0.274498235637819,0.0588637130489314
"4x42",0.194685201185908,0.203858505134102,0.378892531243147,0.0737047036535184,0.106819626009162,0.0420394327741615
"4x43",0.313669723566784,0.198142474943793,0.375313182088982,0.030210300781523,0.0624288920059172,0.0202354266130003
"4x44",0.226341794074433,0.141617775946057,0.484509806173122,0.0552502514248119,0.0902335247083571,0.00204684767321921
"4x45",0.331909312031795,0.253321175274666,0.262927113571146,0.0337594934241491,0.0532522407838082,0.0648306649144354
"4x46",0.324861937937589,0.172267621218355,0.34306198860641,0.0450526765198507,0.080869305635764,0.0338864700820319
"4x47",0.280498224151263,0.186720760979227,0.2413378704218,0.0697187282787728,0.148324182073557,0.0734002340953808
"4x48",0.208509006270359,0.212144266884172,0.422086265661678,0.00711350201080961,0.114580817670322,0.0355661415026609
"4x49",0.25894953240114,0.22360306845611,0.0432044431854448,0.160936232029456,0.261477141817387,0.0518295821104622
"5x0",0.478960700443213,0.230197020022146,0.0977467871644211,0.0764963531685808,0.11659913920164,0
"5x1",0.504738681797602,0.160505143571226,0.200640588531891,0.000109951109407522,0.133235916436867,0.000769718553007903
"5x2",0.514483239087512,0.292855313279311,0.00711716280694612,0,0.171506622133735,0.0140376626924963
"5x3",0.506662178662301,0.266522692931216,0.00065063505067176,0.0472869305208333,0.178877562834978,0
"5x4",0.552045357323849,0.19935552855664,0.010498948637603,0.000131748124821782,0.225406239109324,0.0125621782477624
"5x5",0.60227223001934,0.151493422362823,0.0485216091419047,0.0516633832755987,0.145557177308297,0.00049217789203636
"5x6",0.315765619437698,0.310859196898457,0.253483794519005,0.00212363914026981,0.113524619114173,0.00424313089039761
"5x7",0.532613679235115,0.202422641955075,0.0736202474899991,0.0306561151359037,0.160687316183907,0
"5x8",0.532600706348729,0.266922879992991,0.00230125797190442,0,0.195266108496028,0.00290904719034822
"5x9",0.590932664520896,0.269243159782704,0.0417409996600864,0.00033214934027095,0.0977510266960426,0
"5x10",0.609622538538451,0.210407444705721,0.0354026449774505,0.0108043244093602,0.124369738056626,0.00939330931239141
"5x11",0.489150870907979,0.32508482900667,0.0432120265720655,0.01496307659747,0.106557182152194,0.021032014763621
"5x12",0.504792256866607,0.360702501323414,0.029373568312068,0.00786288440259525,0.0972687890953165,0
"5x13",0.539050990851084,0.216015917508655,0.0683940911469215,0,0.17653900049334,0
"5x14",0.492071277423012,0.300363421445974,0.0336301372843441,0,0.164748900063934,0.00918626378273672
"5x15",0.59374988982246,0.180818352999199,0.0669148208333925,0.0354890496482705,0.104670324303492,0.0183575623931866
"5x16",0.529726386219348,0.230104336172358,0.0540189768803287,0.000188539490033111,0.146085918392451,0.0398758428454804
"5x17",0.437402743744092,0.383074876652417,0.00775993612855075,0,0.130362414056943,0.0414000294179976
"5x18",0.30905820433217,0.308156018854509,0.250410463413962,0,0.128564701924009,0.003810611475351
"5x19",0.455141890275875,0.199038792418873,0.138726201423235,0.0423305779709175,0.164762537911099,0
"5x20",0.529732568084501,0.180191880870011,0.0931403518658721,0.0159788543706326,0.119396376108806,0.0615599687001772
"5x21",0.33296203975786,0.424086333186385,0.113276069294444,0,0.0970408821128109,0.0326346756484996
"5x22",0.422713647681041,0.102487203366049,0.334982493336877,0,0.139562311608966,0.000254344007066787
"5x23",0.305565060455403,0.280412981636945,0.357567683270575,0.000268104063570325,0.0556732379599411,0.000512932613566219
"5x24",0.256891306037747,0.204628245760746,0.302602737924502,0,0.235348302601925,0.000529407675080213
"5x25",0.314819817980755,0.131170155842555,0.356546981756951,0.0464105270317255,0.126567292320407,0.024485225067607
"5x26",0.322040003072475,0.20472356734518,0.309350147307046,0.00681772113151828,0.0415757622929167,0.115492798850864
"5x27",0.364997245083258,0.232988275360104,0.172468370979615,0.0624469331822692,0.167099175394754,0
"5x28",0.309980350915731,0.0130879576241686,0.361949998010972,0,0.228505466821238,0.0864762266278915
"5x29",0.242257296365716,0.119972676155484,0.350315018964014,0.00818804321853498,0.252748190649701,0.0265187746465498
"5x30",0.264368962878667,0.192820223407391,0.349148797995562,0.0357971976555127,0.143002092192764,0.0148627258701034
"5x31",0.316279014649178,0.0956440065382191,0.272711856189439,0.13619331804519,0.178415584317126,0.000756220260847662
"5x32",0.315514658569942,0.212765024996372,0.258286766990001,0.0260641862430723,0.187369363200612,0
"5x33",0.292944212575845,0.209167481276998,0.225509380380339,0.0865047521110056,0.169853746873338,0.0160204267824738
"5x34",0.175019848646491,0.137700285955214,0.354482568207767,0.0374762225287954,0.285659278903864,0.00966179575786812
"5x35",0.229160355155265,0.0915546599126858,0.400887655174118,0.084081132065289,0.194316197692643,0
"5x36",0.362353692933235,0.0948740397885247,0.335291338520451,0.0500362470190206,0.127937781652783,0.0295069000859851
"5x37",0.145019497646353,0.218496440022745,0.449647563100548,0,0.109126287790467,0.0777102114398875
"5x38",0.284602160790984,0.194399145567844,0.352200758323903,0.0451466440114108,0.05869260145402,0.0649586898518385
"5x39",0.269516932229783,0.202611119078304,0.31943519969352,0.000502673585885542,0.143856826973731,0.0640772484387779
"5x40",0.214722015781594,0.246923381338859,0.285095757187249,0.0517463227759445,0.141136621086541,0.0603759018298121
"5x41",0.276724330547975,0.0827716635507536,0.372889319685048,0.0620454746029827,0.203067218762175,0.00250199285106569
"5x42",0.219626952529402,0.145196481648744,0.359846190095929,0.115941546648795,0.130228054187711,0.0291607748894178
"5x43",0.233391456663726,0.143227356774494,0.450116753522955,0.0180348622304029,0.0912208569377755,0.0640087138706471
"5x44",0.193138080794255,0.251414460429578,0.432785534663425,0.038349304557201,0.0843126195555408,0
"5x45",0.21801792448316,0.28479580100601,0.368914592374669,0.012617692536766,0.115653989599395,0
"5x46",0.289327344408271,0.236379398046743,0.162319846612175,0.0690752290124753,0.225807938029882,0.0170902438904535
"5x47",0.363628594443306,0.0821829788261714,0.27177199931974,0.0507768041461003,0.183289518690293,0.0483501045743886
"5x48",0.276257235786179,0.167352873756836,0.337233895013543,0.0401818078152043,0.178899049077927,7.51385503111353e-05
"5x49",0.357330527566654,0.213106710471661,0.0875905070454561,0.0299672103904204,0.279153159364502,0.0328518851613056
"6x0",0.51801822299373,0.217299961541924,0.0556844389537375,0.0573958401873245,0.135914083018179,0.015687453305105
"6x1",0.422328799690176,0.223218582139742,0.175596012828468,0.00148037510538037,0.170673081921183,0.00670314831505215
"6x2",0.422437526925572,0.407444082492285,0.0220272781704216,0.00731640120739252,0.140774711204329,0
"6x3",0.567088904929432,0.208662142190962,0.0154550125885009,0.0273887151916932,0.181405225099412,0
"6x4",0.559863516481175,0.235831605916439,0.029122912551225,0,0.174353036719793,0.000828928331367123
"6x5",0.507208312540485,0.251081134428073,0.0348602574955112,0.0377070286071104,0.169143266928821,0
"6x6",0.457990607099053,0.197311635684958,0.13896593730606,0.0487812688048464,0.135115687883996,0.0218348632210866
"6x7",0.223690924497448,0.235526694158618,0.318930011846501,0.0190828776665193,0.176377987686496,0.0263915041444176
"6x8",0.322335381897921,0.510338630435776,0.0473679346395619,0,0.118505159855806,0.00145289317093429
"6x9",0.448330314961413,0.313566284429418,0.0573539906710511,0,0.160561805742879,0.0201876041952397
"6x10",0.443196215029007,0.342451048174291,0.0723790300175495,0,0.0889809994158789,0.0529927073632741
"6x11",0.451213280225505,0.297540900051512,0.0446016811487221,0.000144953995507717,0.202938825431061,0.00356035914769216
"6x12",0.572198634828949,0.20869159989835,0.0557346270929756,0.00603716756617634,0.14137724863304,0.0159607219805091
"6x13",0.522147070188692,0.271256051375985,0.0314820419934089,0.0293244833373769,0.145790353104537,0
"6x14",0.340342554929889,0.0585262608107804,0.372936532744115,0.0401839596706826,0.140880357779479,0.047130334065054
"6x15",0.522601990230093,0.254246258824251,0.00894070147897142,0,0.21086795231201,0.00334309715467504
"6x16",0.574178474864055,0.204756774144627,0,0,0.21436730509747,0.0066974458938488
"6x17",0.456210885822107,0.295632069796456,0.0838491199047676,0,0.149425399556608,0.0148825249200617
"6x18",0.308607625027302,0.295523828083074,0.227243543345466,0.000381535523604741,0.137020835408705,0.0312226326118478
"6x19",0.527276444412356,0.163053983291897,0.0213977332932616,0,0.232994053789252,0.0552777852132338
"6x20",0.527248787900773,0.293959057576587,0.0757508403491263,0,0.0851762567326954,0.017865057440818
"6x21",0.472602177801716,0.214328600137063,0.0440192788602712,0.0836070658356301,0.121185960735288,0.0642569166300311
"6x22",0.432735785762348,0.228153571397065,0.202110613529894,0.00433856357790616,0.132661465732786,0
"6x23",0.352195449192657,0.0765233980063571,0.453010162882001,0,0.118270989918984,0
"6x24",0.455875841066991,0.178288717292693,0.2059185231463,0.0383297516535341,0.07259447589873,0.0489926909417516
"6x25",0.302897682599589,0.264276294355377,0.261310027091998,0.0518488419591556,0.0694899152233827,0.0501772387704974
"6x26",0.320434370817948,0.159227530575155,0.39678301695076,0.0133683005746426,0.0706558559740127,0.0395309251074825
"6x27",0.26990596925463,0.24661277883382,0.31773735180727,0.0247316522733078,0.10178023227115,0.039232015559823
"6x28",0.306847718867949,0.183626858824026,0.267206411665042,0.0932584414585061,0.149030245438548,3.03237459290436e-05
"6x29",0.330233794312963,0.159775665229352,0.0544687612961195,0.0825939323400226,0.324803744396702,0.0481241024248405
"6x30",0.331028907330362,0.157299629582582,0.357436043650859,0.0503227910949879,0.103436263044533,0.000476365296675489
"6x31",0.330975522180939,0.152386027863622,0.344189920642231,0.0376683956000286,0.129156576712373,0.00562355700080555
"6x32",0.160298263325841,0.124375431445703,0.398606422523165,0.0546975593353258,0.211139101603382,0.0508832217665838
"6x33",0.215855639556971,0.155051910414456,0.368305835423048,0.0357190133655125,0.186109892974013,0.0389577082659991
"6x34",0.268309046153764,0.115166617111061,0.308844745524091,0.114023305313274,0.193656285897809,0
"6x35",0.293171184895109,0.182980683564836,0.269166889420732,0.0129673304001094,0.198091077515356,0.0436228342038575
"6x36",0.330020364920478,0.0454916027077658,0.321317470224183,0.00451273794715345,0.273358509710449,0.0252993144899713
"6x37",0.235709918490349,0.219094008359866,0.251323679750941,0.0975735233662777,0.164750335582607,0.0315485344499592
"6x38",0.245079195871682,0.217509200409554,0.16340673582548,0.0619558782791683,0.233401378409451,0.078647611204664
"6x39",0.376726657967347,0.189853360854828,0.223611445246122,0.0194651370038086,0.118577631148679,0.0717657677792147
"6x40",0.239540404824708,0.208819851358907,0.382690514010695,0.057037962053809,0.0647659377690527,0.0471453299828277
"6x41",0.129410164173296,0.259707832425496,0.457544449330518,0.00167035949636093,0.132933759053319,0.0187334355210108
"6x42",0.249528784169202,0.188642653117862,0.416682976527087,0.0788996077580427,0.0313189778038763,0.0349270006239308
"6x43",0.200932069826322,0.241730672222994,0.362100363382843,0.0189457531147579,0.175820395264894,0.000470746188189134
"6x44",0.295831351405286,0.241975381742816,0.334108073589091,0,0.095669872078525,0.0324153211842822
"6x45",0.202251410929826,0.254676078070186,0.295362531223782,0.110232674831753,0.0993165459719034,0.0381607589725502
"6x46",0.238438705016444,0.11870878943943,0.501683186995986,0.0416012313852547,0.0995680871628849,0
"6x47",0.259524068483007,0.162127449304727,0.313859647605602,0,0.248489670107819,0.0159991644988456
"6x48",0.322564465708125,0.160439287744757,0.133375389805164,0.0652256278383827,0.273755313060255,0.0446399158433158
"6x49",0.253998370011564,0.183773363496857,0.260815040909317,0,0.223599225254417,0.0778140003278451
"7x0",0.47390501591077,0.299475512162345,0.0463197808403651,0.028751828886532,0.151547862199988,0
"7x1",0.359321878620939,0.330845679863969,0.163161650874752,0.00178409584418909,0.144886694796152,0
"7x2",0.513803112502113,0.272142414463361,0.0715115201889838,8.16690040387332e-05,0.132396840597196,0.0100644432443083
"7x3",0.22982657134054,0.101967783735783,0.363962520078758,0.0270869567756934,0.256280862567139,0.0208753055020864
"7x4",0.29783992658873,0.0759819859103098,0.206181730497538,0.0536456240902915,0.324973109852925,0.0413776230602063
"7x5",0.553008229191688,0.221977009710283,0.0574339692617277,0.000395758971280173,0.164836877730322,0.00234815513469932
"7x6",0.451961999574671,0.393106947953184,0.000669967161330928,0.0285508787599019,0.117897592147152,0.00781261440376071
"7x7",0.503075244244321,0.347770609299474,0.0364492356429061,0.00701169437340077,0.100341619198813,0.00535159724108519
"7x8",0.485298814043575,0.37357797609691,0.000891232908668399,0,0.140231976950847,0
"7x9",0.396701664281564,0.441395103557056,0.0598257778354112,0,0.102077454325969,0
"7x10",0.467146776292922,0.290587269009757,0.0568809213678455,0.0189982455571253,0.165660648231426,0.000726139540923796
"7x11",0.392154242541802,0.437848750386703,0.0434700855741191,0,0.108962568050972,0.0175643534464036
"7x12",0.274907508892111,0.139661013756939,0.317625355644718,0.0269947772392317,0.198664861339889,0.0421464831271115
"7x13",0.518025597693518,0.235568960614691,0.061563676689397,0,0.178271958107174,0.00656980689521925
"7x14",0.485551170919329,0.284290535610337,0.0563561402192719,0,0.173802153251062,0
