"","mDCs","Macrophages","Mast","Monocytes"
"0x0",0.439227724262789,0,0.494776782080956,0.0659954936562546
"0x1",0.534281894465264,0.0154858111231693,0.360672561204222,0.0895597332073448
"0x2",0.335603363002858,0.036503681686075,0.581686554645657,0.04620640066541
"0x3",0.458414038345085,0.0475311073549466,0.394333984872352,0.0997208694276162
"0x4",0.334715984052011,0.0293751342954554,0.537000322949057,0.0989085587034764
"0x5",0.349738315384881,0,0.532417201704456,0.117844482910663
"0x6",0.410715725883238,0.0519803640101997,0.440372622534975,0.096931287571588
"0x7",0.329367787124201,0,0.586506103637901,0.0841261092378983
"0x8",0.333090823042028,0.0290365319179011,0.540401847775989,0.0974707972640818
"0x9",0.35860406769052,0.00269755499444965,0.528473723326092,0.110224653988939
"0x10",0.40079526123608,0.0229480720288103,0.483732775235651,0.092523891499459
"0x11",0.310335536586213,0.0752066982637995,0.493368578956997,0.12108918619299
"0x12",0.417706760538786,0.0110848601579652,0.470660218540661,0.100548160762588
"0x13",0.321299571264947,0.0730608977559895,0.521750123790617,0.0838894071884468
"0x14",0.448567020626561,0,0.462353540835276,0.0890794385381635
"0x15",0.337263156069902,0,0.53021580921566,0.132521034714437
"0x16",0.436403360748785,0.0569381749054952,0.409376968708183,0.0972814956375374
"0x17",0.458940825674086,0.0330467195562197,0.42956283920485,0.078449615564844
"0x18",0.368142287089394,0.0607591704410498,0.469906234047656,0.1011923084219
"0x19",0.207702693722729,0.0669429844552297,0.670852011715478,0.0545023101065638
"0x20",0.350171566056174,0,0.522365049245095,0.127463384698731
"0x21",0.373770744143939,0.0396308445807673,0.500431444792954,0.0861669664823399
"0x22",0.21536417315779,0.0703837166716356,0.609012215766423,0.105239894404151
"0x23",0.414781937001033,0.0981233735140068,0.384448426925551,0.102646262559409
"0x24",0.470157093429387,0.0293981405363798,0.422332418369482,0.0781123476647521
"0x25",0.256273467126366,0.117073372599067,0.506671966824304,0.119981193450263
"0x26",0.453289755590888,0.0010801599781706,0.417096300522872,0.128533783908069
"0x27",0.449068112165739,0.0770206533758776,0.401405678866304,0.0725055555920788
"0x28",0.419567566253099,0.0461865413422272,0.423751245008415,0.110494647396259
"0x29",0.50017767516759,0.00506874664874957,0.380507976528852,0.114245601654809
"0x30",0.25857246340345,0.167960198790659,0.491150640826796,0.0823166969790951
"0x31",0.392062920009817,0.0509680604705955,0.485466498048717,0.0715025214708712
"0x32",0.355835162988999,0.0879031343608857,0.450656008095301,0.105605694554815
"0x33",0.356177963231011,0.0545090549703844,0.509667410905091,0.079645570893514
"0x34",0.32919608088578,0.0600626792903671,0.52765018104889,0.0830910587749625
"0x35",0.49086487585216,0.0320985943077582,0.367928753778206,0.109107776061876
"0x36",0.263299683918823,0.0823441395367717,0.549901755896955,0.10445442064745
"0x37",0.305805896088698,0.122696968395576,0.488384616290822,0.0831125192249042
"0x38",0.251099979120141,0.156785721488845,0.459943369702613,0.132170929688401
"0x39",0.472955065176813,0.00300934268757671,0.422865699319568,0.101169892816042
"0x40",0.442445957756645,0.0913793185981099,0.400867059742747,0.0653076639024978
"0x41",0.381030242677821,0.0653362289826514,0.385757863415241,0.167875664924287
"0x42",0.326878143689154,0.0695693270014701,0.484790330094893,0.118762199214483
"0x43",0.293190359074641,0.0961785972052572,0.489069791452693,0.121561252267409
"0x44",0.420640114610618,0.0661567470308771,0.393891980621777,0.119311157736728
"0x45",0.294663586701739,0.140193011305402,0.506342697884915,0.0588007041079439
"0x46",0.364732206974097,0.0885942820056616,0.451988345074889,0.0946851659453529
"0x47",0.399634552609168,0.00383846441617508,0.478278552391737,0.11824843058292
"0x48",0.331019370931521,0.0908860191538001,0.453055208022377,0.125039401892301
"0x49",0.401345047202331,0.111142632942979,0.412115752837113,0.0753965670175775
"1x0",0.399731482476062,0.0604964162146859,0.455942227438558,0.0838298738706943
"1x1",0.324215953643757,0.0635205842199904,0.539755190091064,0.0725082720451891
"1x2",0.430924555788983,0.0695134723637536,0.45975558543467,0.0398063864125939
"1x3",0.359954944741193,0.0948747319431377,0.444748069005039,0.100422254310629
"1x4",0.362520436715139,0.0697055342325922,0.42256878941285,0.145205239639419
"1x5",0.522914369346343,0.00929699436615675,0.385760917959635,0.0820277183278649
"1x6",0.409843618293038,0,0.504969010316764,0.0851873713901985
"1x7",0.409848139546997,0,0.465554318410719,0.124597542042283
"1x8",0.367253735212775,0.0367669235911997,0.508752601932323,0.0872267392637021
"1x9",0.302230057047247,0.0779397922053294,0.558474251476033,0.0613558992713903
"1x10",0.519093410982044,0.0883155354120511,0.304338639690547,0.0882524139153584
"1x11",0.363660291867266,0.0183176233575009,0.534113160671069,0.0839089241041634
"1x12",0.321464470368487,0,0.551320386431838,0.127215143199676
"1x13",0.263287991540801,0.0304603090506742,0.56898144805113,0.137270251357395
"1x14",0.38515825036018,0,0.513297249906074,0.101544499733746
"1x15",0.369220363864506,0.0838696026112612,0.458757048132889,0.0881529853913441
"1x16",0.245811176747812,0.0470231765616594,0.563958481107707,0.143207165582822
"1x17",0.309936091380453,0.0698582059004057,0.546845175442306,0.0733605272768348
"1x18",0.175414368585151,0.121971206478377,0.637129636144602,0.0654847887918702
"1x19",0.400872288176694,0.0393582547556376,0.452884250599964,0.106885206467704
"1x20",0.506098682633013,0.0120665711096466,0.388395924202906,0.0934388220544346
"1x21",0.467096822089614,0.0152764280420822,0.386998119365636,0.130628630502667
"1x22",0.35149444716438,0.0430660779252945,0.513611189419589,0.0918282854907371
"1x23",0.40066973705268,0.0447148660140171,0.452860239147144,0.10175515778616
"1x24",0.338695594241288,0.0638232911978131,0.514753481755588,0.0827276328053106
"1x25",0.301655767405452,0.074256902936644,0.56757056619973,0.0565167634581741
"1x26",0.140522164801037,0.0845185430318089,0.559175750959037,0.215783541208117
"1x27",0.384978894053727,0.0235286490032094,0.443111543952625,0.148380912990439
"1x28",0.435010170986285,0.0765432228151717,0.41089396675963,0.0775526394389131
"1x29",0.371154993829014,0.0990321581100593,0.386081159844188,0.143731688216739
"1x30",0.381309185838833,0.200668228661138,0.378878737115974,0.0391438483840551
"1x31",0.30743330616876,0.0450798107655309,0.480984160302298,0.166502722763411
"1x32",0.396500447199183,0.093239196107696,0.428370925533881,0.0818894311592396
"1x33",0.452246876025861,0.0322075598831141,0.436248380923736,0.0792971831672886
"1x34",0.413326142815408,0.0359782386562167,0.439771343557631,0.110924274970744
"1x35",0.442329115031391,0.0921780880299865,0.423515212533054,0.0419775844055682
"1x36",0.403235619907985,0.121289932705236,0.417589380637347,0.0578850667494319
"1x37",0.397252246014208,0.0862998078765072,0.37162787615623,0.144820069953055
"1x38",0.396852365938353,0.0615373795445752,0.452863904579188,0.0887463499378842
"1x39",0.324753474042164,0.095269512891837,0.433201936487918,0.14677507657808
"1x40",0.470144689144135,0.0532648575606314,0.419921611349903,0.0566688419453301
"1x41",0.532688138981161,0.110430522284999,0.305953088786387,0.0509282499474528
"1x42",0.503503329052995,0.00435032289389626,0.390120004541491,0.102026343511617
"1x43",0.422115456079195,0.04839868110469,0.393561521584,0.135924341232115
"1x44",0.48824204326481,0.050595704969186,0.395297816614913,0.0658644351510915
"1x45",0.488191909606242,0.0662060467247505,0.310033008014803,0.135569035654204
"1x46",0.385959337375783,0.0781601537179799,0.386035290150561,0.149845218755676
"1x47",0.383736423738494,0.174225820512405,0.365910727038648,0.0761270287104535
"1x48",0.37032752466513,0.087806163938342,0.483735862103919,0.0581304492926091
"1x49",0.391641099085352,0.0595390456681271,0.435255300209228,0.113564555037292
"2x0",0.275306420667691,0.06219543505499,0.592331896662985,0.0701662476143338
"2x1",0.398167158340245,0.0500182299758234,0.504029092907232,0.0477855187766995
"2x2",0.372428063465287,0.105125859709578,0.494157799294669,0.0282882775304661
"2x3",0.337782080342596,0.0512309868104325,0.539211264389465,0.0717756684575059
"2x4",0.359223621888835,0.0354152917276177,0.479617132548884,0.125743953834664
"2x5",0.301737889714227,0.0620992774993527,0.574583852427595,0.0615789803588253
"2x6",0.520169798451565,0.0345624080366801,0.331620406828453,0.113647386683302
"2x7",0.414027082592944,0.0272164826499512,0.496351253503881,0.0624051812532235
"2x8",0.42568140241759,0,0.50643394065451,0.0678846569279001
"2x9",0.460279860225414,0.000926237624096356,0.458727085803521,0.0800668163469683
"2x10",0.36261480304202,0.0281990682546832,0.475918872909863,0.133267255793434
"2x11",0.323675887341519,0,0.546846406087111,0.12947770657137
"2x12",0.390106888195733,0.0143572703730161,0.491732330459753,0.103803510971498
"2x13",0.441524921189866,0.0890693867680345,0.304624435738677,0.164781256303422
"2x14",0.374864954551306,0.0198429020668549,0.491075207727179,0.11421693565466
"2x15",0.433290348892213,0,0.496737518971273,0.0699721321365148
"2x16",0.297520238262092,0.0562838361312399,0.551841485741063,0.0943544398656044
"2x17",0.313212498130328,0.0251571512532613,0.620760484595707,0.0408698660207038
"2x18",0.321725499269625,0.0890614777151613,0.50579569805323,0.0834173249619835
"2x19",0.371409833045044,0.0295745134388345,0.483163799743597,0.115851853772524
"2x20",0.269037861710947,0.0428275963303274,0.606415535332107,0.0817190066266189
"2x21",0.360648909137553,0.0842071339404461,0.467109902769164,0.0880340541528366
"2x22",0.325072799232016,0.0869205956744267,0.518152516345905,0.0698540887476529
"2x23",0.359369301682272,0.0622400597975391,0.470838773487931,0.107551865032258
"2x24",0.441278683475959,0.0100691262702379,0.453947492388797,0.094704697865006
"2x25",0.426585431084609,0.0704281755227248,0.459354885039655,0.0436315083530109
"2x26",0.456437023929361,0.0302916475920199,0.417929119349394,0.0953422091292255
"2x27",0.306825579818758,0.12216774411888,0.496845444206535,0.0741612318558264
"2x28",0.25426094645022,0.111366411289233,0.533026128367122,0.101346513893425
"2x29",0.39252696013367,0.0616746853711443,0.465026855183136,0.0807714993120504
"2x30",0.411213618009667,0.0604072753312679,0.380101189901501,0.148277916757563
"2x31",0.382026211451031,0.0216457337503013,0.468110065461368,0.1282179893373
"2x32",0.389432214041707,0.0882869239710337,0.407627801361702,0.114653060625558
"2x33",0.392968040984461,0.123396168317949,0.414813421318748,0.0688223693788425
"2x34",0.561003891319153,0.000139582407061593,0.348901785232026,0.0899547410417601
"2x35",0.403565122117526,0.0346021200056134,0.455992214399698,0.105840543477163
"2x36",0.471728643742206,0.0552958487891862,0.435667900870483,0.0373076065981248
"2x37",0.343185971490107,0.0650080399729547,0.468655220876348,0.12315076766059
"2x38",0.472524553639169,0.0981444886802535,0.338038831921966,0.0912921257586113
"2x39",0.320663561773262,0.0697398739498703,0.502521377028119,0.107075187248749
"2x40",0.429783257309936,0.0191219077881107,0.416925425266878,0.134169409635074
"2x41",0.423384738513261,0.0774714214902111,0.389936565794773,0.109207274201755
"2x42",0.338071053975367,0.114964588539551,0.44599988341857,0.100964474066513
"2x43",0.485553272470897,0.0516544162541559,0.350647735038292,0.112144576236655
"2x44",0.363556256331013,0.0397602918507476,0.475779850801189,0.12090360101705
"2x45",0.301834894639251,0.110520843221652,0.47466250437272,0.112981757766377
"2x46",0.408285927757448,0.0691622294664418,0.40280119251019,0.119750650265921
"2x47",0.447585349031165,0.109238311360382,0.371435641200417,0.0717406984080362
"2x48",0.370365869028153,0.0879170909614351,0.439037942003542,0.10267909800687
"2x49",0.473499340603004,0.0765940068424881,0.320437680150564,0.129468972403944
"3x0",0.462496055462874,0.0473675932277073,0.398382030164675,0.091754321144744
"3x1",0.277869267615329,0.00414917767904414,0.574201064783674,0.143780489921953
"3x2",0.543120063020742,0.0136610399929693,0.384569733971803,0.0586491630144852
"3x3",0.460816369485978,0,0.496922928801382,0.0422607017126405
"3x4",0.419212448180079,0.0367225348455787,0.421367084373697,0.122697932600645
"3x5",0.411299160095805,0.0157465074313602,0.527774121046131,0.0451802114267047
"3x6",0.369779894095943,0,0.482729337621924,0.147490768282133
"3x7",0.420704790531994,0,0.481711937776493,0.0975832716915128
"3x8",0.47336311557263,0.0510920937012118,0.365742359010531,0.109802431715627
"3x9",0.339771202543609,0.0418287366449366,0.510188239587163,0.108211821224292
"3x10",0.314537958223827,0.0579831765330057,0.488587235740473,0.138891629502694
"3x11",0.414347116852545,0.00127216718544534,0.514340116933096,0.0700405990289134
"3x12",0.469718785097887,0,0.449762455591735,0.0805187593103788
"3x13",0.406024760685659,0.0142833705141522,0.499762703859739,0.0799291649404499
"3x14",0.427369484260319,0.0423653982001821,0.469310386733452,0.0609547308060469
"3x15",0.305392703257583,0,0.505511700730888,0.189095596011529
"3x16",0.389839553308427,0.0476169632772348,0.492332014468148,0.0702114689461905
"3x17",0.433359989908897,0,0.50685803846787,0.0597819716232325
"3x18",0.367037035162686,0,0.538695591353533,0.0942673734837806
"3x19",0.388849409244416,0.0494422298112206,0.469052083300579,0.0926562776437852
"3x20",0.33343124565053,0.0629787320618216,0.541085942123886,0.0625040801637621
"3x21",0.341290931983704,0.0215543805694829,0.512647401848411,0.124507285598403
"3x22",0.267099136932728,0.107782015701302,0.595382427575722,0.0297364197902486
"3x23",0.33440246114541,0.0528255707485897,0.520843099647356,0.0919288684586444
"3x24",0.418526148835917,0.0566809686386671,0.459161714578067,0.065631167947349
"3x25",0.390141480573744,0.0762071098112592,0.458341328102464,0.0753100815125331
"3x26",0.55637865866204,0.0533737263700131,0.342844450502662,0.0474031644652854
"3x27",0.388463064150276,0.0947754396105589,0.372789479115959,0.143972017123206
"3x28",0.356356797734979,0.106455566607178,0.466140520936986,0.071047114720857
"3x29",0.403407330003957,0.0472723446139145,0.438966695205547,0.110353630176582
"3x30",0.477162312298155,0.0595374236689435,0.371131205921406,0.0921690581114957
"3x31",0.454414634282251,0.0856254876704614,0.377106259541268,0.0828536185060192
"3x32",0.414669327052274,0.00950603349474376,0.490250288769987,0.0855743506829951
"3x33",0.427746992850905,0.0801851279855554,0.386411121687272,0.105656757476268
"3x34",0.450302776948338,0.072554513378167,0.347149142869626,0.129993566803869
"3x35",0.390397903758038,0.100777368601369,0.365560732900871,0.143263994739723
"3x36",0.390569738993693,0.0644694619424179,0.412421993943615,0.132538805120274
"3x37",0.397997624934991,0.104619106701824,0.411686270219623,0.0856969981435621
"3x38",0.349357974887705,0.175479934782551,0.412190902113686,0.0629711882160583
"3x39",0.458804718352316,0.029190722289314,0.433095594617089,0.0789089647412808
"3x40",0.394537589288902,0.205751302738918,0.361575074822215,0.038136033149964
"3x41",0.444273742791978,0.0827929782863766,0.389206810615861,0.083726468305784
"3x42",0.469015706523935,0.107399993122902,0.341786448194734,0.0817978521584293
"3x43",0.452156977411233,0.0595897574581005,0.395764046038361,0.0924892190923051
"3x44",0.0324769071697548,0.179253343967532,0.616773505617215,0.171496243245498
"3x45",0.330530623797751,0.147219996927107,0.382693656637165,0.139555722637978
"3x46",0.347220639763935,0.0356097465102068,0.470537981612414,0.146631632113444
"3x47",0.361438217012487,0.19123101062233,0.3689544176697,0.0783763546954833
"3x48",0.249143545261915,0.0154000561468068,0.533438429827455,0.202017968763823
"3x49",0.406946477576059,0.0661474653748211,0.468008666892801,0.0588973901563193
"4x0",0.432868571946755,0.000616186291219468,0.475167390998773,0.0913478507632525
"4x1",0.374086519101615,0.0827481573825856,0.510405970402622,0.0327593531131781
"4x2",0.365289423455512,0.0282353259283157,0.540160161020071,0.0663150895961018
"4x3",0.395470398636369,0.000409600804299533,0.463015633182328,0.141104367377004
"4x4",0.451183310990538,0.00100037696192168,0.453069046220962,0.0947472658265782
"4x5",0.355693891677317,0,0.521860041963868,0.122446066358815
"4x6",0.446331127305313,0,0.468590177048146,0.0850786956465403
"4x7",0.304744505240189,0,0.583132329584819,0.112123165174992
"4x8",0.392516899400209,0.00982473099517014,0.505297707041704,0.0923606625629169
"4x9",0.379549505937767,0,0.488803802114526,0.131646691947707
"4x10",0.362560968449737,0,0.533190220263437,0.104248811286826
"4x11",0.377114881945419,0.0136525080267366,0.496737356583869,0.112495253443975
"4x12",0.36908873473031,0.0162898736642933,0.512785561353189,0.101835830252208
"4x13",0.475609562237103,0,0.432654394539921,0.0917360432229764
"4x14",0.222123596244939,0.0139903840266084,0.632760095986413,0.13112592374204
"4x15",0.466272745988673,0.00136411717910911,0.491619830677646,0.0407433061545724
"4x16",0.343117543820417,0.0105372572935296,0.562836456011734,0.0835087428743193
"4x17",0.358119274142739,0.0412480496536198,0.505603015871813,0.0950296603318275
"4x18",0.277824469394927,0,0.615178461812514,0.106997068792558
"4x19",0.257439183612795,0.0893508825005452,0.5222816918686,0.13092824201806
"4x20",0.383118296869594,0.075494825706084,0.512349797644913,0.029037079779409
"4x21",0.218566319060524,0.0634101700992735,0.61891286807164,0.099110642768563
"4x22",0.349005714488571,0.0731697220799659,0.537370082851044,0.0404544805804187
"4x23",0.439822720671858,0.0417710241915283,0.436018906730667,0.0823873484059465
"4x24",0.422948575681653,0.0320491037263541,0.400697911598394,0.144304408993599
"4x25",0.479275994304568,0.0770264390679387,0.378139450138872,0.0655581164886213
"4x26",0.428869865141436,0.00585632811465125,0.42796213883307,0.137311667910842
"4x27",0.488579605188879,0.0421690623366441,0.373586639200198,0.0956646932742792
"4x28",0.413721344839754,0.0813141181327019,0.399048980865181,0.105915556162363
"4x29",0.441773728366633,0.0739857911860847,0.42622338356027,0.0580170968870117
"4x30",0.333572451998247,0.0526202372184146,0.473963836601885,0.139843474181454
"4x31",0.325983072387293,0.150457359482556,0.465255151779587,0.0583044163505636
"4x32",0.313181917909932,0.073213329238116,0.435194370904617,0.178410381947335
"4x33",0.410675535922453,0.130216180183259,0.366524840815664,0.0925834430786238
"4x34",0.421910340036535,0.0330258829515495,0.414994640107028,0.130069136904887
"4x35",0.386705565551723,0.0420459727639075,0.458637406663137,0.112611055021232
"4x36",0.365503875435899,0.137087456477918,0.438647884988158,0.0587607830980247
"4x37",0.309835105887522,0.109664443723756,0.449059692304644,0.131440758084077
"4x38",0.33709781543772,0.0719198817819739,0.443253196192429,0.147729106587877
"4x39",0.480525180116841,0.0433004748657219,0.406142194342848,0.0700321506745886
"4x40",0.435747662788387,0.0588783368030458,0.406027517016193,0.0993464833923741
"4x41",0.0831990817497205,0.0557900484260756,0.669916909614397,0.191093960209806
"4x42",0.429196984402633,0.112417428961815,0.378666036123949,0.0797195505116029
"4x43",0.415130117370484,0.0882752369785019,0.400645373221409,0.0959492724296049
"4x44",0.444008872690671,0.112985437757165,0.362959781141657,0.0800459084105067
"4x45",0.450116767328271,0.0568494161034255,0.383802188525623,0.109231628042681
"4x46",0.36881878781204,0.108961125446394,0.38261914965653,0.139600937085036
"4x47",0.284986457983774,0.108391200973675,0.4827257282826,0.123896612759951
"4x48",0.430736343143656,0.0741494819532245,0.409210478596306,0.0859036963068134
"4x49",0.338347912670415,0.137081105399259,0.406546771162635,0.118024210767691
"5x0",0.410440759041904,0.0826220191866058,0.458047719751786,0.0488895020197047
"5x1",0.409440279517343,0.0147768633502919,0.517883417792439,0.0578994393399259
"5x2",0.420829509607644,0,0.501307571509954,0.0778629188824024
"5x3",0.248712292150271,0.0558985786543358,0.544689149116225,0.150699980079168
"5x4",0.394622810688056,0,0.482716260205966,0.122660929105979
"5x5",0.345086984047579,0.0447709507119786,0.506302064692578,0.103840000547864
"5x6",0.336025641984361,0.0626035759300436,0.523601779669249,0.0777690024163463
"5x7",0.416040785863013,0.0515780223867218,0.433454801613691,0.0989263901365741
"5x8",0.351864417738458,0.00249454139017269,0.502051803324163,0.143589237547206
"5x9",0.450867628227612,0.0228155888560925,0.440808968975614,0.0855078139406817
"5x10",0.353078719467719,0.0248321504081765,0.48303361311427,0.139055517009835
"5x11",0.430132206917416,0.00703536490587091,0.445326991862024,0.117505436314689
"5x12",0.420359784579285,0.060200568455062,0.406009721393747,0.113429925571906
"5x13",0.433780496157693,0,0.506698438081747,0.0595210657605595
"5x14",0.401773264303563,0,0.470926992104295,0.127299743592142
"5x15",0.464293517516179,0,0.420219714698295,0.115486767785526
"5x16",0.425807136410666,0,0.435136073131618,0.139056790457716
"5x17",0.399449463456452,0.0116606051592981,0.498381785496786,0.090508145887464
"5x18",0.468443390348274,0,0.450711064330355,0.0808455453213706
"5x19",0.316332844680076,0.0564711767599442,0.545025504600918,0.0821704739590618
"5x20",0.398708222800939,0.0245365057171604,0.485166388991807,0.0915888824900932
"5x21",0.355311041730041,0.0349222784969907,0.538931092605013,0.0708355871679556
"5x22",0.469839698169114,0.0280029413546304,0.444225354545258,0.0579320059309978
"5x23",0.444470413998052,0.0342135021372767,0.450619836105801,0.0706962477588702
"5x24",0.528510518829489,0.0225911948323598,0.385497865375701,0.0634004209624499
"5x25",0.468680481555942,0.0685184331453913,0.351849229698825,0.110951855599842
"5x26",0.370643690247171,0.0891299995001741,0.398954033627355,0.1412722766253
"5x27",0.265775128553656,0.128623546727887,0.53464700224022,0.0709543224782365
"5x28",0.449724230539267,0.0411777494718182,0.370568218370176,0.138529801618739
"5x29",0.421102062774681,0.0961647433975115,0.396275656422948,0.0864575374048597
"5x30",0.362464141630435,0.0915156155588664,0.469497049916169,0.0765231928945302
"5x31",0.299176902728693,0.209824467992614,0.427793815072304,0.0632048142063893
"5x32",0.377892717855233,0.106135207402926,0.435147952891512,0.0808241218503282
"5x33",0.335171901599127,0.123873863121352,0.435511377660001,0.105442857619519
"5x34",0.399555525611502,0.064094736887784,0.445062631210964,0.0912871062897495
"5x35",0.517237175667367,0.104294957552477,0.274542196758743,0.103925670021413
"5x36",0.380037648828116,0.105699469209282,0.422310263573198,0.0919526183894045
"5x37",0.523300018939152,0.00130116043425972,0.351426519070087,0.123972301556501
"5x38",0.413385002494174,0.0912795014477986,0.362269272156127,0.1330662239019
"5x39",0.380599327129594,0.0459532945951691,0.467122887740968,0.10632449053427
"5x40",0.325692427055213,0.110756779025946,0.473973071927746,0.0895777219910947
"5x41",0.368863255356504,0.0969254093336927,0.449619186024525,0.0845921492852778
"5x42",0.366463184782796,0.164658079040561,0.373333050551289,0.0955456856253536
"5x43",0.463539554101563,0.0520533288317183,0.363749103160908,0.120658013905811
"5x44",0.499277979591107,0.118554073569457,0.326263360138753,0.0559045867006833
"5x45",0.363510559095214,0.132142228094712,0.472521436464876,0.0318257763451971
"5x46",0.420089255283163,0.0836865750575475,0.419024675947509,0.0771994937117804
"5x47",0.349823504178057,0.0721481692340187,0.449306656498202,0.128721670089722
"5x48",0.366583817287588,0.0756192921334907,0.479173335486836,0.0786235550920853
"5x49",0.391678987549571,0.0568188617627928,0.433079877510944,0.118422273176692
"6x0",0.385106260896979,0.070250326797561,0.480670730516028,0.0639726817894319
"6x1",0.251043039840511,0.0512835010484677,0.603897508103197,0.0937759510078242
"6x2",0.446473565237105,0.0163858992265161,0.423687224728518,0.113453310807861
"6x3",0.314285982424524,0.0165579514798321,0.548413976335074,0.12074208976057
"6x4",0.35495423963613,0.00114444090897981,0.52895564787804,0.11494567157685
"6x5",0.431458510000825,0.0311918371084771,0.430826005648177,0.106523647242521
"6x6",0.379697043769925,0.0731363055156638,0.462519915423875,0.084646735290536
"6x7",0.466260890879765,0.0582195216058574,0.371248844178105,0.104270743336273
"6x8",0.424903986143426,0.00251763640986646,0.484579883304903,0.0879984941418045
"6x9",0.452629059960192,0,0.464633689296797,0.0827372507430114
"6x10",0.410475643596262,0,0.452816930770883,0.136707425632855
"6x11",0.407200017035547,0.0212209930126159,0.494986207278582,0.0765927826732544
"6x12",0.464189431640462,0,0.465913024890236,0.069897543469302
"6x13",0.325900282603243,0.0639259816178966,0.525488587064093,0.0846851487147666
"6x14",0.415143766863716,0.100086459650854,0.397252831467742,0.087516942017688
"6x15",0.361916436836584,0,0.547376717304015,0.0907068458594016
"6x16",0.353632017343011,0.0105884005454682,0.540697631072669,0.0950819510388521
"6x17",0.436860841722869,0,0.468887562333035,0.0942515959440952
"6x18",0.375480924070813,0.0435324630150003,0.466667196224165,0.114319416690022
"6x19",0.214228383838808,0,0.626706303628878,0.159065312532314
"6x20",0.314800361505104,0.0449484638584766,0.498263776734825,0.141987397901595
"6x21",0.276612188600877,0.067890234070623,0.54907176669722,0.10642581063128
"6x22",0.4100905008853,0.0256258928400416,0.495284634301171,0.0689989719734871
"6x23",0.524968403412625,0,0.400330368674523,0.0747012279128513
"6x24",0.415201325606387,0.0833411701543729,0.42010904980169,0.08134845443755
"6x25",0.290020036965154,0.104466943779082,0.495179381790009,0.110333637465755
"6x26",0.44079759959522,0.0659164724035232,0.398617867025853,0.0946680609754039
"6x27",0.422693990310958,0.0672954399683082,0.412205277040544,0.0978052926801897
"6x28",0.324104313321313,0.159603969379216,0.457196900713662,0.0590948165858089
"6x29",0.249315303575593,0.0848999084029136,0.563668257173915,0.102116530847578
"6x30",0.353420621114731,0.152742925832849,0.441323719627311,0.0525127334251095
"6x31",0.359083001841678,0.0473699224048755,0.499369485060291,0.0941775906931558
"6x32",0.365999329091384,0.118967774571979,0.39255286777175,0.122480028564886
"6x33",0.515353127251389,0.0529007005662428,0.327632563796556,0.104113608385812
"6x34",0.384773078770022,0.168374099394543,0.34588623842275,0.100966583412685
"6x35",0.35177914294122,0.0591094371202514,0.485945848293952,0.103165571644576
"6x36",0.351145789046281,0.0828256854659074,0.474970225756359,0.0910582997314533
"6x37",0.441091689616942,0.160769237243825,0.294172667405634,0.103966405733599
"6x38",0.316849048159781,0.0939523733902026,0.466912048113953,0.122286530336063
"6x39",0.348323278622358,0.0707084214348622,0.463174088730309,0.117794211212471
"6x40",0.463631291201952,0.0488695586214734,0.339906140617301,0.147593009559274
"6x41",0.492361104945328,0.0434296393326304,0.387570823100998,0.076638432621044
"6x42",0.416670358159947,0.116866663448961,0.368414895806854,0.0980480825842382
"6x43",0.42365530137188,0.0808887096323567,0.425293820181962,0.0701621688138003
"6x44",0.407930667140215,0.0178936364214791,0.471727795176999,0.102447901261307
"6x45",0.369334888968119,0.133613447285275,0.413508344174121,0.083543319572485
"6x46",0.547213831567815,0.0874489969524958,0.31325951060339,0.0520776608762993
"6x47",0.43064710943196,0.020453337588521,0.446834509649953,0.102065043329566
"6x48",0.321736553080306,0.0940603392100881,0.476630579123666,0.10757252858594
"6x49",0.462124694588271,0,0.400358578408185,0.137516727003544
"7x0",0.371137719208958,0.0563238939518337,0.490666765886321,0.0818716209528874
"7x1",0.432867192777421,0.0815123082514402,0.419838074306514,0.0657824246646244
"7x2",0.462009671373309,0,0.448884402163041,0.0891059264636497
"7x3",0.442006213854367,0.09005457814831,0.377616515510476,0.0903226924868466
"7x4",0.229136832970995,0.114222042016874,0.54765227440313,0.108988850609002
"7x5",0.333553942292317,0.0210948025680326,0.557348682307896,0.0880025728317541
"7x6",0.298240677872193,0,0.577459470814655,0.124299851313152
"7x7",0.43959358936796,0,0.482264414382753,0.0781419962492869
"7x8",0.363442412090843,0,0.54076257178234,0.0957950161268165
"7x9",0.434529928844786,0.0432634559990156,0.462542972725417,0.0596636424307812
"7x10",0.395001702548633,0.0218946760386203,0.47850734497329,0.104596276439457
"7x11",0.447922238244565,0.0145113668373916,0.429439074802246,0.108127320115798
"7x12",0.422189327878646,0.0757830725985541,0.381185555530911,0.120842043991889
"7x13",0.430667994418783,0.00309628900049246,0.492474137349429,0.073761579231295
"7x14",0.373581362007501,0,0.492073527866696,0.134345110125803
"7x15",0.449224373909867,0.0316335481077716,0.42415065976554,0.0949914182168217
"7x16",0.434787338627062,0,0.448318926539357,0.116893734833581
"7x17",0.393999667268433,0,0.551152676880613,0.0548476558509536
"7x18",0.451424793499955,0,0.45638479339053,0.0921904131095151
"7x19",0.494680116016081,0.0473921427735473,0.413927861062168,0.0439998801482029
"7x20",0.317879582318143,0.100526492320245,0.521920639808008,0.0596732855536042
"7x21",0.371193122489822,0.0914728800858787,0.44743740837387,0.0898965890504293
"7x22",0.410278161713133,0.0509279647323614,0.432943940378381,0.105849933176125
"7x23",0.33021183242158,0.116261346652383,0.478708765357852,0.0748180555681848
"7x24",0.33451554978481,0.0765378138309574,0.497483457141997,0.0914631792422362
"7x25",0.417529857908886,0.00258866671267981,0.484290658942276,0.0955908164361578
"7x26",0.488596740833316,0.0269806762725395,0.344341112258274,0.14008147063587
"7x27",0.446267839985834,0.0184116947984053,0.440568939927154,0.0947515252886066
"7x28",0.299540780262788,0.109490946070574,0.396405893713721,0.194562379952917
"7x29",0.424039652649785,0.110646296136715,0.387334655734999,0.0779793954785012
"7x30",0.259344285110555,0.167382887966447,0.456206430783368,0.11706639613963
"7x31",0.491068791484029,0.0386907328348478,0.358258575576158,0.111981900104965
"7x32",0.494669004186403,0.101278106733073,0.27287686002605,0.131176029054473
"7x33",0.487822986462294,0.0267140844798044,0.405031175997147,0.0804317530607539
"7x34",0.443841015770192,0.0337861050825503,0.373120641327754,0.149252237819503
"7x35",0.504297715191003,0.0149293939520649,0.334100847994828,0.146672042862104
"7x36",0.421820795925915,0.0395949735547736,0.436305962885192,0.10227826763412
"7x37",0.254780173956749,0.0904697143507206,0.542755198586641,0.11199491310589
"7x38",0.387687962184298,0.161258212960818,0.363163151483275,0.0878906733716087
"7x39",0.44486530504392,0.118385294014694,0.347614074695977,0.0891353262454093
"7x40",0.223938487151816,0.171735705847429,0.461951416728612,0.142374390272143
"7x41",0.284822911861851,0.0484957985738241,0.476004194283876,0.190677095280449
"7x42",0.248018983354746,0.0502227299274034,0.490204518121846,0.211553768596004
"7x43",0.426666319118095,0.0425981580244299,0.416122009270589,0.114613513586887
"7x44",0.367767924143407,0.0775389056803428,0.46214572751223,0.0925474426640204
"7x45",0.406531063511515,0.0517536601714384,0.463788503007574,0.0779267733094723
"7x46",0.493369194652552,0.104793322255232,0.350743182142689,0.0510943009495261
"7x47",0.480396552575716,0.0401112425944008,0.351012463375567,0.128479741454316
"7x48",0.369056027159441,0.148078547343703,0.443610269119535,0.0392551563773206
"7x49",0.309782704241916,0.0514327718458744,0.52106194752305,0.11772257638916
"8x0",0.317372217017427,0,0.546494214696951,0.136133568285622
"8x1",0.270192400043307,0.0150623741564549,0.559330831614111,0.155414394186127
"8x2",0.359021944538683,0,0.525995037611104,0.114983017850213
"8x3",0.44487340777741,0,0.471675770989673,0.0834508212329164
"8x4",0.362074035022829,0.000891083838553586,0.565610469185458,0.0714244119531588
"8x5",0.405477353517144,0.0170314289359506,0.504800680048049,0.0726905374988566
"8x6",0.425977944391517,0.00382632772567901,0.491904251660701,0.0782914762221031
"8x7",0.353562451535158,0.000970532776367745,0.54921715666335,0.0962498590251235
"8x8",0.432191671449452,0,0.41456129359232,0.153247034958229
"8x9",0.466628212506473,0.014489653437726,0.436427846758432,0.0824542872973689
"8x10",0.364898386081999,0.0373124654489535,0.46115855282104,0.136630595648008
"8x11",0.459916729316701,0.0014414464566984,0.421100744146317,0.117541080080284
"8x12",0.470230726600853,0,0.411424769158528,0.118344504240619
"8x13",0.380045533506689,0,0.507538593603678,0.112415872889632
"8x14",0.428523331780993,0,0.487016354047809,0.0844603141711978
"8x15",0.430545540568418,0.000624819204667936,0.476816873054188,0.0920127671727264
"8x16",0.301386655372112,0.0837823765245951,0.52330085454128,0.0915301135620133
"8x17",0.446816073452226,0.00136515757191367,0.483647119250157,0.0681716497257033
"8x18",0.451966323964779,0.0198918427426689,0.49133261574366,0.0368092175488921
"8x19",0.361019385351913,0.0219398950852019,0.497611118990463,0.119429600572421
"8x20",0.370867299494531,0.0169983262465247,0.454368991244858,0.157765383014086
"8x21",0.426226339246385,0.0826603342548785,0.416996017520359,0.0741173089783775
"8x22",0.341742637056303,0.0422025515952598,0.524235830647151,0.0918189807012857
"8x23",0.396661534729103,0.00187770804379194,0.531909195455307,0.0695515617717987
"8x24",0.342581067458116,0.123017152971907,0.447354794053322,0.0870469855166553
"8x25",0.340114759769273,0.115894602131984,0.459971122686005,0.0840195154127382
"8x26",0.351938523596675,0.0374615924389709,0.454783488158483,0.155816395805871
"8x27",0.380982791533957,0.0863032172953346,0.4548465814174,0.0778674097533084
"8x28",0.334686413822039,0.0704592924317504,0.460775091079974,0.134079202666236
"8x29",0.330105484884296,0.181844141580189,0.408364540705119,0.0796858328303966
"8x30",0.479932320187081,0.0396215335098302,0.403892146806617,0.0765539994964724
"8x31",0.248206336106206,0.15744992537578,0.439779548622379,0.154564189895635
"8x32",0.586417869625071,0.0415664123087693,0.267613366008209,0.104402352057951
"8x33",0.53363350201185,0.0860246657299777,0.327586169284032,0.0527556629741399
"8x34",0.491426856018783,0.0896026235951883,0.3047786769174,0.114191843468629
"8x35",0.364140443006784,0.0935126710467971,0.384474366883195,0.157872519063224
"8x36",0.411595783616186,0.0448240921274877,0.41479633641384,0.128783787842486
"8x37",0.425957475609932,0.121294737438742,0.35352425828126,0.0992235286700659
"8x38",0.391641362298781,0.0287380829118507,0.459262766438448,0.12035778835092
"8x39",0.388775460035596,0.035706784525548,0.388532438821296,0.186985316617561
"8x40",0.211249234793765,0.14121154535698,0.540807359958662,0.106731859890593
"8x41",0.298388783464459,0.173274771125511,0.493668544591199,0.0346679008188314
"8x42",0.394441532122297,0.131235957412945,0.398733421429705,0.0755890890350534
"8x43",0.490675239993958,0.0809946824749043,0.365550947746058,0.0627791297850796
"8x44",0.309293043892073,0.148340255294066,0.428308183002521,0.11405851781134
"8x45",0.379265116626414,0.122522745630584,0.407473011194752,0.0907391265482503
"8x46",0.428322903214533,0.0947878517128814,0.36791607385302,0.108973171219565
"8x47",0.249561513339645,0.100521712818954,0.486359234085731,0.16355753975567
"8x48",0.0122352158144033,0.280709634358802,0.57039183117207,0.136663318654725
"8x49",0.419732758881678,0.0766757761471965,0.376917587821857,0.126673877149269
"9x0",0.297716555728931,0.0328006601801881,0.575678066444086,0.0938047176467942
"9x1",0.381571678948692,0.0503721552068466,0.500714493945604,0.0673416718988571
"9x2",0.460820627082709,0.000646687016449431,0.415681844528457,0.122850841372384
"9x3",0.418723796871244,0,0.489486476626323,0.0917897265024324
"9x4",0.346821384193633,0.0537156080234497,0.518407655029517,0.0810553527534006
"9x5",0.429134689204429,9.28722805590067e-05,0.528593754239948,0.0421786842750639
"9x6",0.419279937126003,0,0.490396919027418,0.0903231438465788
"9x7",0.385194856456665,0.0157945565179854,0.438422131620901,0.160588455404448
"9x8",0.368263795203062,0,0.493994240358865,0.137741964438073
"9x9",0.404210141853669,0.0230433682249333,0.450491680428314,0.122254809493083
"9x10",0.372108603968282,0.00574282099765025,0.515505767476788,0.10664280755728
"9x11",0.373566361813653,0.00110306321074626,0.526945927501039,0.0983846474745624
"9x12",0.30678667663464,0.0385569957744254,0.552289421434848,0.102366906156087
"9x13",0.403786387340326,0.0740100483513507,0.377357435234438,0.144846129073885
"9x14",0.457063922213598,0,0.468660334505005,0.0742757432813973
"9x15",0.342167310473583,0.0392537426588297,0.517213597385011,0.101365349482577
"9x16",0.328814937918772,0.0830090846918699,0.501714224315196,0.0864617530741617
"9x17",0.366979995238498,0.0348879342273025,0.468880751419347,0.129251319114852
"9x18",0.373457315185314,0.0389505632744625,0.486380257559061,0.101211863981163
"9x19",0.458531969635053,0.00695635297327432,0.44762312600511,0.0868885513865628
"9x20",0.372637970871796,0.0440167541765001,0.424932998922974,0.15841227602873
"9x21",0.361133616402386,0.0600317263528352,0.507167639592872,0.071667017651906
"9x22",0.364852239667143,0.0503044555745554,0.501389346980775,0.0834539577775268
"9x23",0.330712942038889,0.120495312475552,0.509316973442274,0.039474772043285
"9x24",0.446449339702273,0.109533111347085,0.360150923256704,0.0838666256939376
"9x25",0.424282824819723,0.0578916751629581,0.42228317769716,0.0955423223201581
"9x26",0.342814833609026,0.0873101394639023,0.466498279932661,0.10337674699441
"9x27",0.443512631220145,0.0372976414995703,0.413645827742848,0.105543899537437
"9x28",0.367490555738221,0.0596360974796983,0.393225637190049,0.179647709592032
"9x29",0.351580072230373,0.124337907819171,0.409343419155471,0.114738600794985
"9x30",0.496049562522607,0.101824130868009,0.348836705481463,0.0532896011279208
"9x31",0.509735594983047,0.0140072574713296,0.368601308258197,0.107655839287426
"9x32",0.395757492811881,0.117837059767884,0.39341328388325,0.0929921635369844
"9x33",0.600090153637485,0.0996361005463984,0.255063178974321,0.0452105668417954
"9x34",0.50990259882633,0.171531256098019,0.229161292371848,0.0894048527038025
"9x35",0.333160981580149,0.124387472294863,0.351160715116174,0.191290831008814
"9x36",0.572378641617137,0.0422513271555577,0.308060110004261,0.0773099212230442
"9x37",0.380533959485357,0.0818464012236682,0.414208329406491,0.123411309884484
"9x38",0.4709453562933,0.061958613689707,0.311397012319656,0.155699017697337
"9x39",0.417077185260368,0.0943583785687952,0.39392925890514,0.0946351772656962
"9x40",0.175289746426525,0.173340512447859,0.523034348038738,0.128335393086878
"9x41",0.437705789382267,0.0354008610240318,0.427311727234622,0.099581622359079
"9x42",0.555533764271273,0.0509276408748964,0.311867441710022,0.0816711531438089
"9x43",0.407829812592848,0.0497767877756645,0.452880335714549,0.0895130639169386
"9x44",0.471833582568741,0.0969560222643232,0.358142118748738,0.073068276418198
"9x45",0.456671407581859,0.0645270427898006,0.385022496780376,0.0937790528479647
"9x46",0.385868462606166,0.135994515311065,0.446729401700606,0.0314076203821622
"9x47",0.463634027075064,0.0789490208869298,0.302041275603872,0.155375676434134
"9x48",0.496656736619965,0.0412726271808102,0.357809112990092,0.104261523209133
"9x49",0.513429047252736,0.0184433684377653,0.349419060431729,0.11870852387777
"10x0",0.472550998683107,0.00648759266150549,0.467979198815052,0.0529822098403356
"10x1",0.382165526490251,0.00113311257736644,0.517460843181695,0.0992405177506881
"10x2",0.396998070820706,0.0274340543364957,0.512856316480704,0.0627115583620949
"10x3",0.37850153972374,0,0.516628162417141,0.104870297859119
"10x4",0.413620691475643,0.00158041490230832,0.501520920518546,0.0832779731035026
"10x5",0.35300380043794,0.0377713929844976,0.513305219594592,0.0959195869829703
"10x6",0.446954863550641,0.02308934828284,0.421926867443154,0.108028920723365
"10x7",0.365510602428697,0,0.503835223793931,0.130654173777371
"10x8",0.406307242686518,0.0145076733255087,0.507549862372915,0.0716352216150576
"10x9",0.373798302933301,0,0.46366264942525,0.162539047641449
"10x10",0.350423806718395,0.0639158195739261,0.528210548960058,0.0574498247476208
"10x11",0.410045671864395,0.0138622908431019,0.515768479859323,0.0603235574331798
"10x12",0.330683551426007,0,0.52457449358942,0.144741954984573
"10x13",0.276667575571734,0,0.592458659812452,0.130873764615814
