"","Ductal","Cancer","Stroma"
"0x0",0.0996599848675948,0.629889297135628,0.270450717996777
"0x1",0.0754517184554009,0.543730285137367,0.380817996407232
"0x2",0.168956359787842,0.719862638961918,0.111181001250241
"0x3",0.0249649453219298,0.596890397184031,0.37814465749404
"0x4",0.0292060884381093,0.766330008330452,0.204463903231438
"0x5",0.092640740484225,0.759856570231355,0.14750268928442
"0x6",0.136130237298914,0.758792687568824,0.105077075132262
"0x7",0.11190490643159,0.752675918188847,0.135419175379563
"0x8",0.153773739042959,0.830500665758022,0.0157255951990182
"0x9",0.121511123744496,0.817940329256589,0.0605485469989157
"0x10",0.0366979061048737,0.928274033935056,0.0350280599600703
"0x11",0.159263781214035,0.800535341055272,0.0402008777306922
"0x12",0.149283623798708,0.777510089367097,0.0732062868341947
"0x13",0.210134279869707,0.756197865099525,0.0336678550307682
"0x14",0.126976406145131,0.838873785771858,0.0341498080830107
"0x15",0.103982598994198,0.767561592787334,0.128455808218468
"0x16",0.154907926542517,0.748422900398553,0.0966691730589295
"0x17",0.169883045862238,0.682186087397093,0.14793086674067
"0x18",0.318209176898412,0.48633330610644,0.195457516995148
"0x19",0.0854803119298968,0.754742892613792,0.159776795456311
"0x20",0.0762720848527409,0.726141370775832,0.197586544371427
"0x21",0.0623761726247107,0.60319531417413,0.334428513201159
"0x22",0.220384574549028,0.547196279403951,0.23241914604702
"0x23",0.256380849976047,0.356605552846086,0.387013597177867
"0x24",0.167537047338008,0.646353818405983,0.186109134256009
"0x25",0.290049519646624,0.372392890204026,0.33755759014935
"0x26",0.146053216112117,0.570595933139592,0.28335085074829
"0x27",0.132850619118589,0.481339928184911,0.385809452696499
"0x28",0.111033669738181,0.385018626307286,0.503947703954533
"0x29",0.233041167743987,0.301373364853974,0.465585467402039
"0x30",0.317047662736832,0.364031733796183,0.318920603466985
"0x31",0.119651575002811,0.552761057280929,0.32758736771626
"0x32",0.118969522892691,0.401039399517867,0.479991077589442
"0x33",0.107548334999163,0.625280736926569,0.267170928074268
"0x34",0.111909704357626,0.415280244175306,0.472810051467069
"0x35",0.0536592203330599,0.354307682426717,0.592033097240223
"0x36",0.156481212225205,0.406304964347466,0.43721382342733
"0x37",0.216954816174011,0.329727942539587,0.453317241286402
"0x38",0.325763355671138,0.337389575929601,0.336847068399262
"0x39",0.27270018183291,0.256139945857457,0.471159872309633
"0x40",0.226371343465957,0.425954925032417,0.347673731501625
"0x41",0.251364570203623,0.145299909219677,0.603335520576699
"0x42",0.191317737347307,0.257772303882895,0.550909958769797
"0x43",0.233705144126995,0.3454066766634,0.420888179209606
"0x44",0.419373121712983,0.177003541026702,0.403623337260315
"0x45",0.166489633576581,0.422779513334239,0.41073085308918
"0x46",0.262332012815757,0.304808108734437,0.432859878449806
"0x47",0.348844514715346,0.17774337697415,0.473412108310505
"0x48",0.228140006875801,0.295201981610462,0.476658011513737
"0x49",0.310669431114545,0.339313476701079,0.350017092184376
"1x0",0.176293430489458,0.731244165638311,0.0924624038722304
"1x1",0.24385079490101,0.662185264583684,0.0939639405153065
"1x2",0.0711066933897688,0.725441146030034,0.203452160580197
"1x3",0.159175018536786,0.581708600864528,0.259116380598686
"1x4",0.188288537002881,0.783670299062881,0.0280411639342377
"1x5",0.0301713694906326,0.866298481765674,0.103530148743693
"1x6",0.158067192493178,0.778171730542233,0.0637610769645895
"1x7",0.150921147260652,0.827295639000202,0.0217832137391456
"1x8",0.222027945334045,0.742705271676131,0.035266782989824
"1x9",0.135909666697904,0.832724202285579,0.0313661310165164
"1x10",0.0829676924099757,0.879574804920118,0.0374575026699067
"1x11",0.179647943587508,0.731106997579439,0.0892450588330532
"1x12",0.26183679944318,0.628548835879419,0.109614364677401
"1x13",0.0743751321537216,0.776734392677623,0.148890475168655
"1x14",0.0869115387681507,0.808021793681652,0.105066667550198
"1x15",0.18768185982494,0.738656079317979,0.0736620608570811
"1x16",0.0928545069952407,0.579014332797191,0.328131160207569
"1x17",0.170641759424779,0.711899011275095,0.117459229300125
"1x18",0.188329342874631,0.660560255498608,0.151110401626762
"1x19",0.160036815612824,0.627616578843858,0.212346605543318
"1x20",0.11516351807163,0.540367850117625,0.344468631810745
"1x21",0.281808935398496,0.533411427037603,0.184779637563901
"1x22",0.176525623049604,0.487510568008812,0.335963808941584
"1x23",0.0662585023333114,0.570779613417898,0.362961884248791
"1x24",0.0347408461685972,0.666287099877445,0.298972053953957
"1x25",0.104949434095379,0.50236834639097,0.392682219513651
"1x26",0.142802545388662,0.538664569615937,0.318532884995402
"1x27",0.196633524492395,0.384794138248781,0.418572337258824
"1x28",0.223413611058664,0.457103095122116,0.319483293819219
"1x29",0.433323661990506,0.140650158457001,0.426026179552492
"1x30",0.160757631335042,0.363390480071364,0.475851888593594
"1x31",0.12372318189502,0.455566550549452,0.420710267555528
"1x32",0.282803464611373,0.288146503797044,0.429050031591584
"1x33",0.0980407667066046,0.451030646273655,0.45092858701974
"1x34",0.224947269759812,0.328347503680008,0.44670522656018
"1x35",0.175581746572903,0.341309997976288,0.483108255450809
"1x36",0.228960924847578,0.427112012691085,0.343927062461337
"1x37",0.311454036923389,0.258548989532488,0.429996973544123
"1x38",0.231175869960649,0.353565417374181,0.41525871266517
"1x39",0.104396630451244,0.556830069720192,0.338773299828564
"1x40",0.0933936779508609,0.316380560641759,0.59022576140738
"1x41",0.115762767975786,0.280952850423178,0.603284381601037
"1x42",0.227681985121599,0.285872455263108,0.486445559615293
"1x43",0.110234493667213,0.299769623708041,0.589995882624747
"1x44",0.240498218634772,0.208522197161939,0.55097958420329
"1x45",0.150888136870674,0.355099757845304,0.494012105284021
"1x46",0.219356767441292,0.400601620022795,0.380041612535913
"1x47",0.253316111257128,0.266403955772606,0.480279932970266
"1x48",0.368982968762331,0.374752608841792,0.256264422395877
"1x49",0.148938895709536,0.442741770024432,0.408319334266031
"2x0",0.109622315378568,0.753468009324498,0.136909675296934
"2x1",0.0588671973280272,0.787511465335562,0.153621337336411
"2x2",0.156369110315681,0.773717259031323,0.0699136306529953
"2x3",0.172166718317752,0.811549441093896,0.016283840588352
"2x4",0.161594793980196,0.789110484331448,0.0492947216883561
"2x5",0.0996089756309924,0.678017961448367,0.22237306292064
"2x6",0.0545182774321435,0.872126778053417,0.0733549445144393
"2x7",0.0704440545144138,0.915327305671924,0.0142286398136627
"2x8",0.0292691788350577,0.926188782791695,0.0445420383732472
"2x9",0.0531567080288101,0.90425404275384,0.0425892492173496
"2x10",0.0819852285846202,0.852701018173133,0.0653137532422465
"2x11",0.12933626937901,0.837216075004305,0.0334476556166852
"2x12",0.00838410615421685,0.982910634187402,0.00870525965838094
"2x13",0.0383837823832444,0.907197847642211,0.0544183699745445
"2x14",0.0735294444087759,0.893914434724802,0.0325561208664219
"2x15",0.0963654611718156,0.881763984849606,0.0218705539785787
"2x16",0.0684118789472861,0.630201615944224,0.30138650510849
"2x17",0.0632085769069049,0.822466370186493,0.114325052906602
"2x18",0.078865981266738,0.618177464982559,0.302956553750703
"2x19",0.281424733204541,0.50549633920074,0.213078927594718
"2x20",0.0898352932279635,0.737344896493472,0.172819810278565
"2x21",0.187790560392924,0.519986435625487,0.292223003981589
"2x22",0.21142606894447,0.58861816066204,0.19995577039349
"2x23",0.182182165363809,0.514615268506433,0.303202566129758
"2x24",0.0841984190732175,0.655991421926903,0.25981015899988
"2x25",0.171555008032473,0.497556387601753,0.330888604365775
"2x26",0.157740490874196,0.54819337372283,0.294066135402974
"2x27",0.0878864408536479,0.523436998277792,0.38867656086856
"2x28",0.132798797297052,0.268834863581978,0.598366339120969
"2x29",0.253156464590329,0.486550134081468,0.260293401328202
"2x30",0.276847417636386,0.396032935995228,0.327119646368386
"2x31",0.156400713582448,0.330069190150576,0.513530096266977
"2x32",0.316810589305676,0.30522903667431,0.377960374020014
"2x33",0.16951686735404,0.385108445689597,0.445374686956363
"2x34",0.161709975443051,0.468749578894135,0.369540445662814
"2x35",0.109174639402791,0.568115897790529,0.32270946280668
"2x36",0.108187916629659,0.319450340460325,0.572361742910016
"2x37",0.431899966552614,0.294909446643459,0.273190586803927
"2x38",0.170936351721334,0.291782428927648,0.537281219351018
"2x39",0.347060123593488,0.246049763721938,0.406890112684574
"2x40",0.161650859718436,0.327482158571211,0.510866981710353
"2x41",0.401436907172558,0.192955826467932,0.40560726635951
"2x42",0.248847154940585,0.337548550340028,0.413604294719386
"2x43",0.171381585196651,0.218395045044192,0.610223369759157
"2x44",0.419632764731297,0.197093452507878,0.383273782760825
"2x45",0.329210277315099,0.258636708361767,0.412153014323134
"2x46",0.17851714844832,0.236664585716372,0.584818265835307
"2x47",0.121225386507787,0.267269240034738,0.611505373457475
"2x48",0.318015100781609,0.257512792601065,0.424472106617327
"2x49",0.297236627954146,0.257222791147247,0.445540580898607
"3x0",0.11527447464961,0.713508650087741,0.17121687526265
"3x1",0.214363656624137,0.78535668721634,0.000279656159522611
"3x2",0.106953229172721,0.877155500020669,0.0158912708066105
"3x3",0.167830038456875,0.816386502009038,0.0157834595340872
"3x4",0.11152065579055,0.845511849843984,0.0429674943654653
"3x5",0.0971612216697436,0.885537157702818,0.0173016206274384
"3x6",0.0469154515279193,0.928718849654074,0.0243656988180064
"3x7",0.0644747071586936,0.905515493396709,0.0300097994445977
"3x8",0.0347525720515556,0.961587839342701,0.00365958860574358
"3x9",0.0956895321888699,0.849239427991673,0.055071039819457
"3x10",0.169466711726422,0.802808927836395,0.0277243604371824
"3x11",0.077997773234004,0.909202901886398,0.0127993248795981
"3x12",0.042802202130982,0.876586466100132,0.0806113317688857
"3x13",0.0947757205409721,0.863845745138164,0.0413785343208638
"3x14",0.0672365397510498,0.888402101536004,0.0443613587129459
"3x15",0.0967918290982497,0.834331683867897,0.0688764870338533
"3x16",0.0533816616872449,0.815714949008016,0.130903389304739
"3x17",0.0748170148658346,0.868525808862143,0.0566571762720219
"3x18",0.102119826463698,0.769135938049518,0.128744235486784
"3x19",0.1509347393106,0.737043114775544,0.112022145913855
"3x20",0.0868360472716238,0.682556929499848,0.230607023228528
"3x21",0.132465959270471,0.4488442616413,0.418689779088229
"3x22",0.0479852022476904,0.754552264478548,0.197462533273762
"3x23",0.113713761370956,0.677017011668643,0.209269226960401
"3x24",0.143999301362139,0.458187528656124,0.397813169981738
"3x25",0.186639407522476,0.300428269904108,0.512932322573416
"3x26",0.174674430424432,0.355393799187336,0.469931770388232
"3x27",0.247775421126297,0.410135110653448,0.342089468220255
"3x28",0.355054190195812,0.322151725680671,0.322794084123518
"3x29",0.158688264433076,0.430575892280518,0.410735843286405
"3x30",0.150317766016006,0.317152412801645,0.53252982118235
"3x31",0.119108988098008,0.362863886744725,0.518027125157267
"3x32",0.141008401301629,0.53819931610936,0.320792282589011
"3x33",0.079866020743754,0.393312558496364,0.526821420759882
"3x34",0.171992137155937,0.205607711810822,0.622400151033241
"3x35",0.234722464051431,0.180499255606018,0.584778280342551
"3x36",0.243382068647902,0.377002672286551,0.379615259065547
"3x37",0.233085304296582,0.250278723554719,0.5166359721487
"3x38",0.210078709490917,0.344706917490581,0.445214373018502
"3x39",0.125066602349992,0.288923683490061,0.586009714159947
"3x40",0.22222331995744,0.169617728688081,0.608158951354479
"3x41",0.235614275804765,0.235745481792908,0.528640242402327
"3x42",0.227656386853697,0.298471044373166,0.473872568773137
"3x43",0.181123852226926,0.284262938270298,0.534613209502776
"3x44",0.288340773013067,0.36923117966693,0.342428047320002
"3x45",0.268671262815904,0.356784237230121,0.374544499953975
"3x46",0.164115127875727,0.408103065794917,0.427781806329355
"3x47",0.32657851353161,0.304177817693202,0.369243668775188
"3x48",0.158940485770012,0.525659870746586,0.315399643483402
"3x49",0.27553081651428,0.278338390945515,0.446130792540205
"4x0",0.234866150741718,0.722726068088817,0.0424077811694646
"4x1",0.110611715110144,0.69020397260774,0.199184312282116
"4x2",0.262127577851943,0.578653675468345,0.159218746679712
"4x3",0.159383409965351,0.765432919978958,0.0751836700556913
"4x4",0.0761497334143449,0.920308225733737,0.00354204085191826
"4x5",0.100529994958698,0.894940186472282,0.00452981856901964
"4x6",0.0287142571595833,0.947462825429045,0.0238229174113715
"4x7",0.108050491454889,0.878916750746707,0.0130327577984041
"4x8",0.0607983407009759,0.93659310186158,0.00260855743744426
"4x9",0.103240354826907,0.867361206475506,0.0293984386975867
"4x10",0.0311571421710927,0.945208779806354,0.023634078022553
"4x11",0.0612527998952967,0.929909239529249,0.00883796057545453
"4x12",0.101989082666428,0.873744093337812,0.0242668239957602
"4x13",0.0455190581160498,0.9281478196034,0.02633312228055
"4x14",0.118214915423951,0.877836155149915,0.00394892942613428
"4x15",0.135273908218027,0.831418661477751,0.0333074303042218
"4x16",0.0752431544909251,0.899883524410327,0.0248733210987483
"4x17",0.125759230526152,0.761623102172766,0.112617667301083
"4x18",0.0257522386061014,0.847512791783323,0.126734969610575
"4x19",0.163022094476854,0.596736922323219,0.240240983199927
"4x20",0.153163749472384,0.775906114326993,0.0709301362006232
"4x21",0.0949773625902907,0.666457340957994,0.238565296451716
"4x22",0.228421662740628,0.561918274251904,0.209660063007467
"4x23",0.0761780240325676,0.492735942406815,0.431086033560617
"4x24",0.150162147108763,0.508834124985309,0.341003727905928
"4x25",0.178702295761403,0.495717420905643,0.325580283332954
"4x26",0.1157006108589,0.378084249387908,0.506215139753192
"4x27",0.143865912618658,0.477550423805869,0.378583663575473
"4x28",0.186954293066032,0.420300925849062,0.392744781084906
"4x29",0.11375500765654,0.280270769411093,0.605974222932367
"4x30",0.178768623549003,0.37831336389707,0.442918012553926
"4x31",0.537603629301337,0.0583198391471728,0.40407653155149
"4x32",0.257320060332148,0.213138234262257,0.529541705405595
"4x33",0.171668687410761,0.380309859963355,0.448021452625884
"4x34",0.179918946136121,0.323476067442359,0.496604986421521
"4x35",0.16689943566461,0.377768681011382,0.455331883324008
"4x36",0.207288912586515,0.261927812420839,0.530783274992646
"4x37",0.159417624687834,0.336756817420416,0.503825557891751
"4x38",0.335989959854333,0.359915826108263,0.304094214037404
"4x39",0.419948225957002,0.19609770873272,0.383954065310278
"4x40",0.147578279624135,0.275534366922083,0.576887353453782
"4x41",0.263245757950788,0.338793801712795,0.397960440336417
"4x42",0.186801723946125,0.300687280228586,0.512510995825289
"4x43",0.0789587257466429,0.455879578905132,0.465161695348225
"4x44",0.17566855530531,0.245277602399018,0.579053842295672
"4x45",0.288057276042165,0.32139534217211,0.390547381785726
"4x46",0.201764158827624,0.33227711609841,0.465958725073966
"4x47",0.248323913501884,0.328648079055534,0.423028007442581
"4x48",0.238161039749576,0.21180530398389,0.550033656266535
"4x49",0.343511956978938,0.257180169619385,0.399307873401677
"5x0",0.231679819514987,0.598614046974261,0.169706133510752
"5x1",0.031037466801999,0.750901328642266,0.218061204555735
"5x2",0.0485488354416158,0.921640386764535,0.0298107777938493
"5x3",0.0672288949211694,0.89380054762939,0.0389705574494402
"5x4",0.0980619492957588,0.861724491107058,0.0402135595971836
"5x5",0.0467279916484137,0.903228524732094,0.0500434836194927
"5x6",0.00747582361435741,0.912585954356403,0.0799382220292395
"5x7",0.0702118895073189,0.859869898865475,0.0699182116272055
"5x8",0.0659710889256431,0.912445420537919,0.0215834905364379
"5x9",0.0656377271887225,0.928451851041701,0.00591042176957613
"5x10",0.0777111653423805,0.911892334226972,0.0103965004306472
"5x11",0.102590034257656,0.879807339748554,0.0176026259937895
"5x12",0.0869413550871113,0.90988786579259,0.00317077912029843
"5x13",0.112452930800763,0.868391592264608,0.0191554769346292
"5x14",0.0975557562575828,0.849491182487141,0.0529530612552764
"5x15",0.0203047926159357,0.9152614364582,0.0644337709258644
"5x16",0.0245337714388737,0.97159527353399,0.00387095502713602
"5x17",0.102839923287889,0.862000151618041,0.0351599250940701
"5x18",0.249379980279785,0.377561196133377,0.373058823586838
"5x19",0.142804840777927,0.683680912242345,0.173514246979728
"5x20",0.111548231214054,0.701935566224355,0.186516202561591
"5x21",0.155872406640689,0.685803754935329,0.158323838423983
"5x22",0.145822088901856,0.501788432170531,0.352389478927613
"5x23",0.0746059624108885,0.541695119715813,0.383698917873298
"5x24",0.104706497319277,0.422102059242085,0.473191443438639
"5x25",0.146284764612878,0.357852570055131,0.495862665331991
"5x26",0.151488794027705,0.438332657957855,0.410178548014439
"5x27",0.263326737646507,0.457863712147786,0.278809550205708
"5x28",0.0521036725570738,0.382672254190914,0.565224073252012
"5x29",0.0624660218847483,0.364069915109442,0.57346406300581
"5x30",0.0391836535425994,0.475820557902724,0.484995788554677
"5x31",0.132863429048835,0.358524797653833,0.508611773297332
"5x32",0.295458708115391,0.34080127879464,0.363740013089969
"5x33",0.235325030326428,0.36283922465086,0.401835745022713
"5x34",0.184279631146384,0.210020359933869,0.605700008919747
"5x35",0.142257902724449,0.238892492798392,0.618849604477159
"5x36",0.227138410246859,0.341047336672198,0.431814253080943
"5x37",0.163705475845566,0.222270802312275,0.614023721842159
"5x38",0.269412871187588,0.269196934089196,0.461390194723217
"5x39",0.320784103608902,0.238838831186135,0.440377065204963
"5x40",0.0944097421057396,0.422907586451773,0.482682671442488
"5x41",0.0773271297810546,0.38516680539438,0.537506064824566
"5x42",0.340385474688188,0.0763711698821924,0.583243355429619
"5x43",0.203811026920739,0.193641967813301,0.60254700526596
"5x44",0.22241914449998,0.23734665755708,0.54023419794294
"5x45",0.303381032590597,0.275051961190362,0.421567006219041
"5x46",0.3315399884827,0.291051800719455,0.377408210797845
"5x47",0.170771926879969,0.386921167740917,0.442306905379114
"5x48",0.136777364968559,0.385965230626782,0.477257404404659
"5x49",0.347772331415869,0.343015637646837,0.309212030937294
"6x0",0.190389863793316,0.671003798854344,0.138606337352341
"6x1",0.0933059499944388,0.69008275449202,0.216611295513541
"6x2",0.0442622306834943,0.917293313377337,0.0384444559391688
"6x3",0.0487979140728855,0.917449298533143,0.0337527873939712
"6x4",0.0537882813468305,0.928422470025257,0.0177892486279126
"6x5",0.0364476299989813,0.900745716582195,0.0628066534188233
"6x6",0.0566389678034024,0.923853502817292,0.0195075293793058
"6x7",0.141415844635188,0.804475907296738,0.0541082480680738
"6x8",0.123395938364738,0.85221550084074,0.0243885607945224
"6x9",0.0615429515139445,0.873856851837969,0.0646001966480866
"6x10",0.0609873216252467,0.906876862454986,0.0321358159197676
"6x11",0.0813142646021764,0.880037195466525,0.0386485399312983
"6x12",0.0419740958832017,0.890072396808982,0.0679535073078164
"6x13",0.0794538197202826,0.89611124205742,0.024434938222297
"6x14",0.0664522131497694,0.879982521637113,0.0535652652131174
"6x15",0.00186797918898073,0.977538857203738,0.0205931636072811
"6x16",0.0183456495545399,0.934567701322262,0.0470866491231984
"6x17",0.0668566401187959,0.885062761222013,0.0480805986591915
"6x18",0.125552047317036,0.851839503185944,0.0226084494970196
"6x19",0.149416416679966,0.750111339080567,0.100472244239466
"6x20",0.168687279107031,0.793010807560019,0.03830191333295
"6x21",0.0598759906787514,0.772187243821404,0.167936765499845
"6x22",0.0532196288266675,0.695885955671388,0.250894415501945
"6x23",0.0540165858043841,0.448144054322999,0.497839359872617
"6x24",0.186943108056725,0.554997171504803,0.258059720438472
"6x25",0.213501651713662,0.399174669391069,0.387323678895268
"6x26",0.215756523849172,0.331958874913477,0.452284601237351
"6x27",0.202012910832001,0.370503059458903,0.427484029709095
"6x28",0.199843137029116,0.380851756810713,0.419305106160171
"6x29",0.26970872568773,0.354681759141947,0.375609515170323
"6x30",0.178391781140444,0.363339702847518,0.458268516012037
"6x31",0.0875939220603641,0.485684355893523,0.426721722046113
"6x32",0.220958132334951,0.139613385792553,0.639428481872496
"6x33",0.205012160605908,0.236123641497747,0.558864197896345
"6x34",0.166546466955847,0.25040053532824,0.583052997715914
"6x35",0.208213145911705,0.349702204215617,0.442084649872678
"6x36",0.112419493802895,0.336596155626588,0.550984350570516
"6x37",0.239406827204227,0.263101980628996,0.497491192166776
"6x38",0.244572734980935,0.26953293388518,0.485894331133885
"6x39",0.112883569059565,0.532816019369038,0.354300411571397
"6x40",0.219524419383191,0.277743249496105,0.502732331120704
"6x41",0.193216869618995,0.21245390685071,0.594329223530295
"6x42",0.202471387893639,0.298633264251571,0.49889534785479
"6x43",0.344462787397585,0.170646856723281,0.484890355879135
"6x44",0.159900799884053,0.425203667667067,0.41489553244888
"6x45",0.210993280086585,0.313187582937414,0.475819136976001
"6x46",0.210688768121825,0.185833502438235,0.60347772943994
"6x47",0.227732366453659,0.28240982681387,0.489857806732471
"6x48",0.168682300291873,0.376886540806764,0.454431158901363
"6x49",0.153602079435978,0.379278049096711,0.467119871467312
"7x0",0.177709438932871,0.794939847186291,0.027350713880838
"7x1",0.114133168364764,0.615943497037332,0.269923334597904
"7x2",0.0388751325793222,0.92767705206452,0.033447815356158
"7x3",0.0998183586129391,0.87159853370395,0.0285831076831112
"7x4",0.0683734360365756,0.925403371199033,0.00622319276439148
"7x5",0.00916058824964823,0.960681249019958,0.0301581627303942
"7x6",0.0635918248585605,0.921433683825316,0.0149744913161237
"7x7",0.0724839832800562,0.887666240860289,0.0398497758596548
"7x8",0.0873649932785148,0.893287887780716,0.0193471189407691
"7x9",0.125916669792723,0.850859688893103,0.0232236413141735
"7x10",0.0797264488692444,0.906069782433415,0.0142037686973407
"7x11",0.128446838107676,0.846681503150929,0.0248716587413946
"7x12",0.15563791679567,0.811585017149431,0.0327770660548997
"7x13",0.088950919498883,0.88954542979447,0.0215036507066473
"7x14",0.0657200957936423,0.900645900931969,0.0336340032743885
"7x15",0.0630795260594895,0.932050659795596,0.00486981414491426
"7x16",0.109524272512381,0.858599285364098,0.0318764421235207
"7x17",0.0251248875268481,0.947130323438908,0.0277447890342443
"7x18",0.045582868032414,0.921164132972588,0.0332529989949976
"7x19",0.120602579408763,0.584077895159768,0.295319525431469
"7x20",0.357324617242927,0.511062316685459,0.131613066071614
"7x21",0.236676547146311,0.52813383742306,0.235189615430629
"7x22",0.103152825881424,0.550269476831571,0.346577697287005
"7x23",0.180572187433967,0.460820501534625,0.358607311031407
"7x24",0.119503994651811,0.685744572543803,0.194751432804387
"7x25",0.148254314561512,0.403359050725072,0.448386634713415
"7x26",0.0940675366475359,0.28495906187015,0.620973401482315
"7x27",0.0760107224068376,0.389629183737199,0.534360093855963
"7x28",0.126867932825086,0.257182772475957,0.615949294698956
"7x29",0.180056073881278,0.240126820247004,0.579817105871718
"7x30",0.227472760195639,0.32105595456437,0.451471285239991
"7x31",0.128926271664475,0.452052443660155,0.419021284675371
"7x32",0.131903175378377,0.214993472489725,0.653103352131898
"7x33",0.0874185645352382,0.334172309721476,0.578409125743286
"7x34",0.283469515130752,0.108386644121043,0.608143840748205
"7x35",0.164326711365338,0.288060026196327,0.547613262438335
"7x36",0.128159413153899,0.356921191464645,0.514919395381455
"7x37",0.102765264641156,0.221023772765336,0.676210962593508
"7x38",0.232133918825503,0.168471750429402,0.599394330745096
"7x39",0.0945378594201273,0.501901691150831,0.403560449429041
"7x40",0.406518115397258,0.141169168328655,0.452312716274086
"7x41",0.257357017919752,0.304635123439819,0.438007858640429
"7x42",0.132850786925403,0.382347497533145,0.484801715541452
"7x43",0.285631599609067,0.321254503608721,0.393113896782212
"7x44",0.303061425666372,0.24955608761286,0.447382486720768
"7x45",0.133386256810538,0.369842870193406,0.496770872996057
"7x46",0.0905405465639763,0.189362281260072,0.720097172175952
"7x47",0.244145343026337,0.20483961758001,0.551015039393653
"7x48",0.338804705462371,0.303952231813725,0.357243062723904
"7x49",0.366442942036175,0.37763087751163,0.255926180452196
"8x0",0.0898681884461304,0.867325802838783,0.0428060087150866
"8x1",0.0592286827244042,0.821987502902886,0.118783814372709
"8x2",0.0426850311650072,0.93504548541616,0.0222694834188328
"8x3",0.119964715133707,0.85043379294993,0.0296014919163628
"8x4",0.0422631181123087,0.917710765349289,0.0400261165384021
"8x5",0.0866715482854362,0.90750569416282,0.0058227575517437
"8x6",0.0647062579169088,0.881796570930683,0.0534971711524086
"8x7",0.0558225913325874,0.916092501661406,0.0280849070060066
"8x8",0.0698244998952088,0.921522674779562,0.00865282532522887
"8x9",0.167771867351708,0.776859446668252,0.0553686859800396
"8x10",0.0428201786272796,0.95717982137272,0
"8x11",0.0347457856550664,0.898523729628177,0.0667304847167568
"8x12",0.0540735219041737,0.90048520356807,0.0454412745277563
"8x13",0.0280896635455132,0.954022009315082,0.0178883271394043
"8x14",0.0874461231521903,0.894441869230938,0.0181120076168718
"8x15",0.0255916348895207,0.903576880913369,0.0708314841971103
"8x16",0.0716490571189259,0.837376565119952,0.0909743777611221
"8x17",0.110371872252734,0.818521845306124,0.071106282441142
"8x18",0.0936537661496382,0.824163840257719,0.0821823935926424
"8x19",0.0394655359050767,0.678609629847965,0.281924834246958
"8x20",0.187851954970681,0.638145780389743,0.174002264639576
"8x21",0.112787553171934,0.493164856534372,0.394047590293694
"8x22",0.11370634583965,0.531479670283302,0.354813983877048
"8x23",0.0898839417617558,0.522965192142019,0.387150866096225
"8x24",0.138578221466285,0.589853762461891,0.271568016071824
"8x25",0.194730999912771,0.339369012777206,0.465899987310023
"8x26",0.113770955065171,0.33857113869159,0.547657906243239
"8x27",0.116614179154605,0.493966239791363,0.389419581054032
"8x28",0.2031029997324,0.255738227370857,0.541158772896744
"8x29",0.0841233550858639,0.285451215359872,0.630425429554264
"8x30",0.2508440953527,0.213680581734894,0.535475322912406
"8x31",0.175704445355052,0.283700836236541,0.540594718408407
"8x32",0.0157032012006979,0.260131839044778,0.724164959754524
"8x33",0.0999413318914171,0.287967887870756,0.612090780237827
"8x34",0.141328013228488,0.126440982220062,0.732231004551449
"8x35",0.132264511851611,0.347069139482887,0.520666348665502
"8x36",0.0892225312932382,0.500048200724984,0.410729267981778
"8x37",0.131868089469529,0.314711894791448,0.553420015739022
"8x38",0.0951635097381668,0.397044454028986,0.507792036232848
"8x39",0.158454550402259,0.387846831384237,0.453698618213505
"8x40",0.101751934944983,0.265857847778676,0.63239021727634
"8x41",0.483929094587873,0.101559980725854,0.414510924686273
"8x42",0.142389193942573,0.260769228442696,0.596841577614731
"8x43",0.267378687779107,0.306428137312679,0.426193174908214
"8x44",0.165897229883292,0.197798792752038,0.63630397736467
"8x45",0.285810939130056,0.257182607446611,0.457006453423334
"8x46",0.112506253340704,0.231537962403139,0.655955784256157
"8x47",0.336811090142764,0.240810869588366,0.42237804026887
"8x48",0.357617844913415,0.282903118834055,0.35947903625253
"8x49",0.373786648166651,0.207152383445453,0.419060968387896
"9x0",0.0917582688595358,0.806900307857052,0.101341423283413
"9x1",0.137498389088036,0.812296482640527,0.0502051282714376
"9x2",0.0831227378302455,0.873206558053073,0.0436707041166813
"9x3",0.126525350478192,0.810335902410858,0.06313874711095
"9x4",0.0894529524223172,0.876276005843812,0.0342710417338707
"9x5",0,0.934296004607054,0.0657039953929465
"9x6",0.143838397850862,0.840316306600366,0.015845295548772
"9x7",0.0323969740259788,0.941857837002263,0.0257451889717582
"9x8",0.12953753188639,0.833647740431491,0.0368147276821191
"9x9",0.161408155491034,0.782726464235985,0.0558653802729803
"9x10",0.0527139605624202,0.91046337802524,0.0368226614123403
"9x11",0.115876665740238,0.867269384556491,0.0168539497032708
"9x12",0.168517441408923,0.795283361055747,0.0361991975353301
"9x13",0.0601714957920092,0.896462486920043,0.0433660172879477
"9x14",0.080342993487328,0.90533195495516,0.0143250515575122
"9x15",0.072728301286954,0.911448412722578,0.0158232859904676
"9x16",0.055597328570169,0.90324373369267,0.0411589377371611
"9x17",0.0992103033560891,0.862951688318588,0.037838008325323
"9x18",0.0409501990777215,0.911969786551921,0.0470800143703581
"9x19",0.212761257687291,0.782878734428339,0.0043600078843699
"9x20",0.222280115727426,0.516091197876572,0.261628686396002
"9x21",0.152609910337909,0.59196885751524,0.25542123214685
"9x22",0.0669519343278865,0.729983764762396,0.203064300909718
"9x23",0.0374581635883876,0.634040507733157,0.328501328678455
"9x24",0.0973512021521209,0.342373209139603,0.560275588708276
"9x25",0.0634129761843171,0.386746720574586,0.549840303241097
"9x26",0.137191641798521,0.440629261712968,0.422179096488512
"9x27",0.0607896479255759,0.43348346727164,0.505726884802784
"9x28",0.0821034973177371,0.231595687664882,0.68630081501738
"9x29",0.251632295061143,0.273409785375797,0.47495791956306
"9x30",0.168390817895977,0.347230200872161,0.484378981231862
"9x31",0.10844782443005,0.186744925135944,0.704807250434006
"9x32",0.14403196232637,0.208295823122884,0.647672214550746
"9x33",0.050131996483844,0.252181726890844,0.697686276625311
"9x34",0.093955588527469,0.205923493513984,0.700120917958547
"9x35",0.284004841796661,0.118144310466618,0.597850847736721
"9x36",0.162090781872904,0.194043609258161,0.643865608868936
"9x37",0.270655012769388,0.248629787501544,0.480715199729068
"9x38",0.0839380687083709,0.115222619055038,0.800839312236591
"9x39",0.135274747949467,0.191394291482683,0.67333096056785
"9x40",0.113118920068603,0.310201785311379,0.576679294620018
"9x41",0.186045076810168,0.212606373269561,0.601348549920272
"9x42",0.113907637107182,0.133956484891275,0.752135878001543
"9x43",0.394047653670216,0.159679646094597,0.446272700235187
"9x44",0.152957639540343,0.251933961652109,0.595108398807547
"9x45",0.174132406876292,0.199600881808833,0.626266711314875
"9x46",0.301417572557536,0.237596835069272,0.460985592373192
"9x47",0.217885978575181,0.170657032962513,0.611456988462306
"9x48",0.19499326914392,0.191705455634883,0.613301275221196
"9x49",0.110691014117222,0.242317574818233,0.646991411064545
"10x0",0.104959327871702,0.790231164486929,0.104809507641369
"10x1",0.133672120627477,0.862346832568604,0.00398104680391899
"10x2",0.112267698561419,0.826925319811467,0.0608069816271139
"10x3",0.086267190289502,0.886419332963614,0.0273134767468841
"10x4",0.0443382909766815,0.85283703626853,0.102824672754788
"10x5",0.148110575754572,0.847862351116198,0.00402707312922934
"10x6",0.0389477289914287,0.919415842594234,0.041636428414337
"10x7",0.0796568847637514,0.903969525396275,0.0163735898399734
"10x8",0.0952310091097683,0.868058603417264,0.0367103874729675
"10x9",0.0516496539819651,0.897205033442807,0.0511453125752283
"10x10",0.0621014711801234,0.911227777091169,0.026670751728708
"10x11",0.14126382379484,0.79619062429469,0.0625455519104696
"10x12",0.0409779091924372,0.932254687771445,0.026767403036118
"10x13",0.120747952849192,0.833741871018521,0.045510176132287
"10x14",0.0988030868823692,0.871058064096089,0.0301388490215414
"10x15",0.0638865244345789,0.909056121137809,0.0270573544276118
"10x16",0.0668490386925747,0.895434126057151,0.0377168352502739
"10x17",0.0326873590701578,0.894777161489522,0.0725354794403204
"10x18",0.0194786110356836,0.963473168205952,0.0170482207583648
"10x19",0.0396528087553148,0.942403762425897,0.0179434288187883
"10x20",0.0874877433539115,0.721846618302912,0.190665638343177
"10x21",0.0927976150601077,0.602166422973314,0.305035961966578
"10x22",0.103157318773022,0.508260834642109,0.388581846584869
"10x23",0.103332767390609,0.460335146489079,0.436332086120311
"10x24",0.0955327112762914,0.366952711680168,0.537514577043541
"10x25",0.142606522443088,0.259167673619528,0.598225803937385
"10x26",0.0604637481796765,0.297129480106701,0.642406771713622
"10x27",0.0404354575665984,0.321844046095688,0.637720496337713
"10x28",0.0305650956302953,0.286298698454598,0.683136205915106
"10x29",0.0851027829865022,0.244070699830777,0.670826517182721
"10x30",0.0976683943916687,0.164975083600445,0.737356522007886
"10x31",0.107935247756764,0.288081319926325,0.603983432316911
"10x32",0.0929670522445609,0.192809725122696,0.714223222632743
"10x33",0.0868780287750987,0.565893825430492,0.34722814579441
"10x34",0.0158095637055246,0.236492434108919,0.747698002185556
"10x35",0.0760547730471451,0.161774494053958,0.762170732898896
"10x36",0.169440767127238,0.260694534982698,0.569864697890064
"10x37",0.0961572106331497,0.422142248083509,0.481700541283341
"10x38",0.141875195221695,0.258126763000077,0.599998041778228
"10x39",0.178597131104627,0.167007399888646,0.654395469006727
"10x40",0.184687732111087,0.19506176507369,0.620250502815223
"10x41",0.0951038481378606,0.274285880510128,0.630610271352011
"10x42",0.228186248854626,0.242291620557346,0.529522130588028
"10x43",0.215770218782175,0.315894313572688,0.468335467645137
"10x44",0.357485349566467,0.164303848898428,0.478210801535105
"10x45",0.250580835522405,0.134612718388232,0.614806446089362
"10x46",0.154766063759441,0.368538763387327,0.476695172853232
"10x47",0.142913457408817,0.267977899268661,0.589108643322522
"10x48",0.327843263009221,0.111299851344722,0.560856885646057
"10x49",0.353041763607887,0.214405506188782,0.432552730203331
"11x0",0.116444454202964,0.729151118686525,0.154404427110511
"11x1",0.0621322167533431,0.668588361706588,0.269279421540069
"11x2",0.126613400695383,0.832529588699628,0.0408570106049891
"11x3",0.017031004521159,0.943464401505268,0.0395045939735726
"11x4",0.0891940563911259,0.88197705942356,0.0288288841853146
"11x5",0.0713024475532529,0.88206568857097,0.0466318638757768
"11x6",0.0845166958433685,0.900111757228968,0.0153715469276633
"11x7",0.0896790414318988,0.896615055619528,0.0137059029485732
"11x8",0.0584021016753965,0.921103175572602,0.0204947227520015
"11x9",0.108948051894013,0.854830534865806,0.0362214132401812
"11x10",0.0229695269921036,0.947015165225978,0.0300153077819184
"11x11",0.10218476794344,0.876501940428468,0.0213132916280919
"11x12",0.193927601359745,0.794805407442626,0.0112669911976286
"11x13",0.10588320738158,0.878146741448785,0.0159700511696351
"11x14",0.0760706381594721,0.846260681987621,0.0776686798529065
"11x15",0.0759833831421298,0.879187856410529,0.044828760447341
"11x16",0.0727820433266819,0.88519061693625,0.0420273397370681
"11x17",0.0557369870959379,0.864566543066416,0.0796964698376458
"11x18",0.00379077974992471,0.980616773409278,0.0155924468407978
"11x19",0.0426332765280385,0.771304001448391,0.18606272202357
"11x20",0.0207726176530742,0.576147195769112,0.403080186577813
"11x21",0.0792188178471897,0.728306439500908,0.192474742651902
"11x22",0.0930424381177844,0.658762201462326,0.248195360419889
"11x23",0.0923286664909009,0.497002250909151,0.410669082599948
"11x24",0.103591917007603,0.362272008532127,0.53413607446027
"11x25",0.0759130484765067,0.399914324754125,0.524172626769368
"11x26",0.0430837539764237,0.294194077731902,0.662722168291675
"11x27",0.131149727246988,0.191190107432461,0.677660165320551
"11x28",0.0675102210158927,0.349305955597266,0.583183823386841
"11x29",0.134773308298295,0.322556353597742,0.542670338103963
"11x30",0.214102030568558,0.0845559634170929,0.701342006014349
"11x31",0.130386632926144,0.220795098913204,0.648818268160652
"11x32",0.105778506039511,0.371599246373833,0.522622247586655
"11x33",0.0402780207549938,0.23921617084196,0.720505808403046
"11x34",0.0463459374911812,0.125877696960495,0.827776365548324
"11x35",0.173527332169496,0.101322304288168,0.725150363542336
"11x36",0.0952281259799502,0.236580620685298,0.668191253334752
"11x37",0.223313103327064,0.167365491371579,0.609321405301356
"11x38",0.217730901865735,0.234808069840141,0.547461028294124
"11x39",0.170161796114172,0.257798031550672,0.572040172335156
"11x40",0.233280290118125,0.0901080655716157,0.676611644310259
"11x41",0.132695968356853,0.33662412512698,0.530679906516167
"11x42",0.0890889946097839,0.216918705629857,0.693992299760359
"11x43",0.186920894974375,0.315314380910415,0.49776472411521
"11x44",0.270620951491374,0.194811601414287,0.534567447094339
"11x45",0.138676745242206,0.337904170906274,0.52341908385152
"11x46",0.419691339509003,0.0931691921037489,0.487139468387249
"11x47",0.298934570953942,0.230367461781282,0.470697967264775
"11x48",0.284036233932918,0.211108415385933,0.504855350681149
"11x49",0.391492751592367,0.173619534690868,0.434887713716765
"12x0",0.139737420881044,0.725226932795026,0.13503564632393
"12x1",0.159948580736327,0.731278916322155,0.108772502941518
"12x2",0.0895325696362944,0.896350232367361,0.0141171979963448
"12x3",0.0460381597669643,0.937739754148517,0.0162220860845189
"12x4",0.0286516758062948,0.901060755816038,0.0702875683776671
"12x5",0.029269208006136,0.910267610308452,0.0604631816854117
"12x6",0.142773534936899,0.844117983157075,0.0131084819060258
"12x7",0.0336057836609259,0.963113187285392,0.00328102905368221
"12x8",0.0338227295975785,0.956949887383477,0.00922738301894417
"12x9",0.086433223072444,0.880056346660795,0.0335104302667605
"12x10",0.0319491510588133,0.949780016580877,0.01827083236031
"12x11",0.085743250311626,0.914256749688374,0
"12x12",0.135116112797096,0.863120107098308,0.00176378010459647
"12x13",0.0465047847598901,0.917245183482919,0.0362500317571907
"12x14",0.0111972518144509,0.926763070178028,0.0620396780075216
"12x15",0.118101578067663,0.861117647726048,0.0207807742062885
"12x16",0.0873370525200003,0.89342809761279,0.0192348498672097
"12x17",0.0377584927872648,0.943061535649376,0.0191799715633594
"12x18",0.0796023814320053,0.851687817171973,0.0687098013960222
"12x19",0.11306495660767,0.744774201582165,0.142160841810165
"12x20",0.128907287588976,0.666058951086961,0.205033761324063
"12x21",0.152674041771797,0.583527275506627,0.263798682721577
"12x22",0.126985371985969,0.509255260725438,0.363759367288593
"12x23",0.126753357755106,0.463328717528938,0.409917924715956
"12x24",0.0679153105893103,0.259522246347101,0.672562443063589
"12x25",0.106761369778323,0.13249605536154,0.760742574860137
"12x26",0.0768515370689551,0.308206954272492,0.614941508658553
"12x27",0.234364930308557,0.188544595937867,0.577090473753576
"12x28",0.0930911982147813,0.0901896038415193,0.816719197943699
"12x29",0.110376326397481,0.201303059947594,0.688320613654925
"12x30",0.136622231022568,0.0794546237248992,0.783923145252533
"12x31",0.0913940208879188,0.129190393354428,0.779415585757653
"12x32",0.153074901742609,0.206327639783387,0.640597458474004
"12x33",0.124057128986942,0.262393695359517,0.613549175653542
"12x34",0.211964122048713,0.106302255589084,0.681733622362202
"12x35",0.487994305610475,0,0.512005694389525
"12x36",0.114553388390944,0.202265890284176,0.68318072132488
"12x37",0.116218563266497,0.331951063235227,0.551830373498276
"12x38",0.179327612259487,0.212796620191418,0.607875767549095
"12x39",0.0577507252094796,0.162037589827431,0.780211684963089
"12x40",0.263187571701955,0.247252647436558,0.489559780861487
"12x41",0.146456713422951,0.188027552775985,0.665515733801064
"12x42",0.333275647604438,0.147113621990833,0.519610730404729
"12x43",0.248858771175028,0.309683583395524,0.441457645429449
"12x44",0.302867081139352,0.151692876319874,0.545440042540774
"12x45",0.230419775225975,0.271779628740373,0.497800596033652
"12x46",0.541995183593633,0.0480585588675491,0.409946257538818
"12x47",0.256454115072253,0.162754522099766,0.580791362827982
"12x48",0.294394267535367,0.185909174123685,0.519696558340948
"12x49",0.273537489887875,0.260944730602071,0.465517779510053
"13x0",0.171794876034379,0.782524034153208,0.0456810898124128
