"","Cancer","Stroma","Ductal"
"0x0",0.663471906820465,0.267386548633908,0.0691415445456268
"0x1",0.569140327116597,0.376706799449585,0.0541528734338172
"0x2",0.77252452747667,0.0891912399819235,0.138284232541407
"0x3",0.593975951767452,0.404383285400525,0.00164076283202296
"0x4",0.801917610762179,0.165492339287961,0.0325900499498599
"0x5",0.813139785454263,0.118694726330301,0.0681654882154356
"0x6",0.818248045430459,0.0644272616636555,0.117324692905885
"0x7",0.789925267738733,0.116940983129386,0.0931337491318814
"0x8",0.88515675720314,0,0.11484324279686
"0x9",0.856397739669121,0.0293698076576093,0.11423245267327
"0x10",0.962785460636159,0.0248934763927616,0.0123210629710794
"0x11",0.863933689858748,0.0105924795582766,0.125473830582976
"0x12",0.847036937527736,0.0493541824006054,0.103608880071659
"0x13",0.797238144238273,0.018730781242382,0.184031074519345
"0x14",0.876943159806187,0.00258959085499556,0.120467249338818
"0x15",0.824795800932439,0.1027434448543,0.072460754213261
"0x16",0.829408293700095,0.0624965933976896,0.108095112902215
"0x17",0.737724311511175,0.123988596771065,0.138287091717759
"0x18",0.540250448708452,0.168144194565761,0.291605356725787
"0x19",0.797805064207225,0.151774211174299,0.0504207246184765
"0x20",0.772985885393855,0.176884986259135,0.0501291283470093
"0x21",0.628105465126874,0.333220230102344,0.0386743047707822
"0x22",0.631529817413059,0.149323743179011,0.21914643940793
"0x23",0.374840927634586,0.379466710466784,0.24569236189863
"0x24",0.734008887603197,0.132464847637014,0.133526264759789
"0x25",0.337733404357344,0.337627022031045,0.324639573611611
"0x26",0.583472488458862,0.281168773311832,0.135358738229307
"0x27",0.532827554909271,0.387235912902809,0.0799365321879197
"0x28",0.385296864727466,0.514646287896266,0.100056847376268
"0x29",0.271052243028451,0.478794800562361,0.250152956409188
"0x30",0.359705505501265,0.280608657089164,0.359685837409571
"0x31",0.602705207409035,0.315941313867181,0.081353478723784
"0x32",0.326146453820463,0.559450606232686,0.11440293994685
"0x33",0.687111705748784,0.246078997724205,0.0668092965270113
"0x34",0.438745586470452,0.48967737595769,0.0715770375718578
"0x35",0.282270790591618,0.677756202305514,0.0399730071028677
"0x36",0.441465584653674,0.453532300636944,0.105002114709381
"0x37",0.317095656594578,0.459731668539936,0.223172674865486
"0x38",0.384874162439287,0.330284210203655,0.284841627357058
"0x39",0.18548384394705,0.498541046420365,0.315975109632585
"0x40",0.484739187997375,0.338380186409075,0.17688062559355
"0x41",0.132806078319353,0.638952691037798,0.228241230642849
"0x42",0.249860762080799,0.580149095297657,0.169990142621545
"0x43",0.376434136076564,0.414644523403955,0.208921340519481
"0x44",0.11708913657672,0.393559319633221,0.489351543790059
"0x45",0.435009253371425,0.415085725715458,0.149905020913117
"0x46",0.316578358393147,0.427049646022318,0.256371995584535
"0x47",0.165046709637338,0.480187634534418,0.354765655828244
"0x48",0.336914138423311,0.440967906313869,0.22211795526282
"0x49",0.369808320313047,0.319494666812128,0.310697012874825
"1x0",0.808403855206544,0.0804899061723936,0.111106238621062
"1x1",0.674186397839207,0.0753026904672074,0.250510911693586
"1x2",0.775585771501463,0.190489163218652,0.0339250652798857
"1x3",0.632466045754539,0.252570884693941,0.114963069551519
"1x4",0.881697229633907,0,0.118302770366093
"1x5",0.924468297651491,0.0700468300913671,0.00548487225714149
"1x6",0.870911875474726,0.0608118139476107,0.068276310577663
"1x7",0.926713044922932,0.0322727664517348,0.0410141886253331
"1x8",0.807092003243344,0.0185277870797935,0.174380209676863
"1x9",0.872515708026676,0,0.127484291973324
"1x10",0.951068052358026,0.0023665370077447,0.046565410634229
"1x11",0.811570650445732,0.0582355783819321,0.130193771172336
"1x12",0.667845918471592,0.0695329828647661,0.262621098663642
"1x13",0.839315439144509,0.125062351749287,0.0356222091062045
"1x14",0.841800833483064,0.0805280709788661,0.0776710955380702
"1x15",0.798880139168932,0.0354455092314194,0.165674351599648
"1x16",0.619378903618736,0.302136443585258,0.0784846527960056
"1x17",0.807266648469886,0.0997264561973644,0.0930068953327497
"1x18",0.740841320887632,0.142903010476933,0.116255668635435
"1x19",0.72951926269404,0.18353048408857,0.08695025321739
"1x20",0.569647925704315,0.327314475419939,0.103037598875746
"1x21",0.559882112220953,0.162442708827785,0.277675178951262
"1x22",0.524274840064617,0.307970265131663,0.167754894803719
"1x23",0.595468876816419,0.372678640714269,0.0318524824693122
"1x24",0.688401579293983,0.307089247270881,0.00450917343513562
"1x25",0.57864188195087,0.375616768171496,0.0457413498776347
"1x26",0.611139189850884,0.265656448467104,0.123204361682012
"1x27",0.381949324054547,0.441553514237237,0.176497161708215
"1x28",0.50091837043533,0.294636467928957,0.204445161635713
"1x29",0.0658660625900714,0.442180059919655,0.491953877490273
"1x30",0.340061178854488,0.500239583120569,0.159699238024943
"1x31",0.490221571342644,0.42435613419829,0.0854222944590659
"1x32",0.290554424190072,0.451789838018211,0.257655737791717
"1x33",0.43502564102943,0.47734054866071,0.0876338103098603
"1x34",0.316190962663724,0.479092138433036,0.204716898903241
"1x35",0.359088284101609,0.483032306580073,0.157879409318318
"1x36",0.493441447379468,0.32357986143305,0.182978691187483
"1x37",0.259025607901114,0.447248139499767,0.293726252599119
"1x38",0.372747124004452,0.396936997274738,0.230315878720811
"1x39",0.610962810238644,0.294680359262427,0.094356830498929
"1x40",0.305621165735809,0.623458612545184,0.0709202217190066
"1x41",0.231464902962714,0.66473422883872,0.103800868198566
"1x42",0.26596486605295,0.508515140180323,0.225519993766728
"1x43",0.270315178057226,0.657624450673751,0.0720603712690234
"1x44",0.184113518160404,0.56990710727821,0.245979374561386
"1x45",0.379655853306468,0.472801396514464,0.147542750179068
"1x46",0.451086693904121,0.352309009137503,0.196604296958375
"1x47",0.231650418063363,0.509231162895173,0.259118419041464
"1x48",0.387260693855547,0.218211839628411,0.394527466516042
"1x49",0.469547965027382,0.395569817133037,0.134882217839581
"2x0",0.791530351465398,0.138982275674969,0.069487372859633
"2x1",0.856501665856956,0.119289769953088,0.0242085641899562
"2x2",0.820819888079805,0.0436551703492511,0.135524941570944
"2x3",0.884636412139194,0.00707521826297339,0.108288369597833
"2x4",0.828155039450713,0.027529965923265,0.144314994626022
"2x5",0.723919345736491,0.209840012608272,0.0662406416552374
"2x6",0.93537139139285,0.0390108531929213,0.0256177554142289
"2x7",0.972022980832065,1.05927079209896e-05,0.0279664264600136
"2x8",0.976126195166111,0.0181446884385928,0.00572911639529612
"2x9",0.970705328151675,0.0161523500760327,0.0131423217722924
"2x10",0.911292821232377,0.0274939058031735,0.0612132729644495
"2x11",0.884213223395274,0.00144791029580456,0.114338866308921
"2x12",1,0,0
"2x13",0.963878691137518,0.0327873044846451,0.00333400437783733
"2x14",0.929493412144082,0.0155647425014219,0.0549418453544963
"2x15",0.941327261677054,0.00235662959275053,0.0563161087301958
"2x16",0.661708386315623,0.293226327764773,0.0450652859196035
"2x17",0.86314308517616,0.093465626990713,0.0433912878331267
"2x18",0.677067787996804,0.294775912553662,0.028156299449534
"2x19",0.537261987583141,0.163529467741114,0.299208544675745
"2x20",0.828854067924919,0.167408096608221,0.00373783546685947
"2x21",0.558918038591807,0.258957095500147,0.182124865908046
"2x22",0.682156395818156,0.186821628995213,0.131021975186632
"2x23",0.593280517512933,0.302771132040249,0.103948350446819
"2x24",0.661456148639688,0.298131786576277,0.0404120647840349
"2x25",0.510644650594188,0.324596065040695,0.164759284365117
"2x26",0.59330303115184,0.28763670818772,0.11906026066044
"2x27",0.542706188983169,0.407657786913697,0.0496360241031338
"2x28",0.179194635322056,0.732807484600418,0.0879978800775259
"2x29",0.556684706589985,0.241928968373994,0.20138632503602
"2x30",0.385298232285159,0.28535572079432,0.329346046920521
"2x31",0.32697582113133,0.519757101324412,0.153267077544258
"2x32",0.288584602803147,0.392891864956917,0.318523532239936
"2x33",0.40596389503351,0.400843601426331,0.193192503540158
"2x34",0.501571234893988,0.375988099540674,0.122440665565338
"2x35",0.606004231082482,0.302473783564122,0.0915219853533963
"2x36",0.28894277572399,0.620122827624988,0.0909343966510214
"2x37",0.359265812665961,0.21892064725868,0.421813540075359
"2x38",0.31030533372428,0.556298104995539,0.133396561280181
"2x39",0.235903643613206,0.410244005793359,0.353852350593435
"2x40",0.306966301842931,0.52644970206935,0.166583996087719
"2x41",0.130467704575499,0.424207726257527,0.445324569166974
"2x42",0.325902537116513,0.430056092865711,0.244041370017776
"2x43",0.153094427541406,0.688965459153332,0.157940113305262
"2x44",0.212674255506643,0.385532514656332,0.401793229837026
"2x45",0.224276630537008,0.43751110309859,0.338212266364402
"2x46",0.204715186033732,0.629968517682128,0.16531629628414
"2x47",0.217309881169693,0.682367492407893,0.100322626422414
"2x48",0.233166086459841,0.430929619308291,0.335904294231868
"2x49",0.245694800053541,0.505029678798107,0.249275521148352
"3x0",0.769288847666321,0.137013313581314,0.0936978387523654
"3x1",0.855810657335766,0,0.144189342664234
"3x2",0.937265132332889,0.00144290623032266,0.061291961436788
"3x3",0.863703923304934,0,0.136296076695066
"3x4",0.888564398227723,0.0325728612304344,0.0788627405418429
"3x5",0.943236083186541,0,0.056763916813459
"3x6",0.979280905718278,0.00200063842658756,0.0187184558551343
"3x7",0.974625416754901,0.0132855740132756,0.0120890092318236
"3x8",0.984590902320765,0,0.0154090976792354
"3x9",0.904586403717179,0.0235230619192795,0.071890534363541
"3x10",0.879408942962354,0.00207771753902994,0.118513339498616
"3x11",0.942127023807079,0,0.0578729761929205
"3x12",0.919366676307715,0.0580268188499951,0.0226065048422899
"3x13",0.950828185012116,0,0.0491718149878839
"3x14",0.907019498193949,0.0403532031759754,0.0526272986300752
"3x15",0.898647466057391,0.0421813788770666,0.0591711550655428
"3x16",0.893378902599447,0.0935193305034599,0.0131017668970929
"3x17",0.912684953654823,0.0458587545128769,0.0414562918322997
"3x18",0.852667561855519,0.0781239755672569,0.0692084625772241
"3x19",0.820195426494687,0.0719975313422887,0.107807042163025
"3x20",0.746937133203899,0.219856717928277,0.0332061488678232
"3x21",0.491037452114904,0.395000651478521,0.113961896406575
"3x22",0.839107870394859,0.156190995284012,0.00470113432112922
"3x23",0.736577072060731,0.195720657101249,0.0677022708380207
"3x24",0.452652626121057,0.432378989734382,0.114968384144561
"3x25",0.280270359408742,0.572682292270868,0.14704734832039
"3x26",0.348810428488409,0.496499938892742,0.154689632618848
"3x27",0.420020655086009,0.327136075337414,0.252843269576577
"3x28",0.344258870405005,0.307874143238575,0.34786698635642
"3x29",0.426783018475325,0.443594534846229,0.129622446678446
"3x30",0.326605742853824,0.549753776886095,0.123640480260081
"3x31",0.365728958946085,0.530229347892258,0.104041693161657
"3x32",0.594799042046534,0.308148060958764,0.0970528969947019
"3x33",0.337429901766451,0.567806098131149,0.0947640001024006
"3x34",0.143318954486691,0.714409243571446,0.142271801941863
"3x35",0.136208553386641,0.626629121693464,0.237162324919895
"3x36",0.430087975254284,0.368904113226953,0.201007911518762
"3x37",0.290742736604346,0.509278029624467,0.199979233771187
"3x38",0.353935769752427,0.455516893156968,0.190547337090605
"3x39",0.257199035999491,0.636384304039264,0.106416659961245
"3x40",0.149988561918477,0.669188742084508,0.180822695997016
"3x41",0.263358237889872,0.533531402427932,0.203110359682197
"3x42",0.280824095929182,0.509712549149967,0.209463354920852
"3x43",0.261599099390987,0.593498852227583,0.14490204838143
"3x44",0.365543117433362,0.333214209799789,0.301242672766849
"3x45",0.36373060575589,0.354132891843238,0.282136502400873
"3x46",0.385287051474568,0.45210083033833,0.162612118187102
"3x47",0.36677486799318,0.324554651743015,0.308670480263805
"3x48",0.585195589821855,0.271526719565538,0.143277690612607
"3x49",0.229546701215767,0.516908407891666,0.253544890892568
"4x0",0.803245223259295,0.0147434333649884,0.182011343375717
"4x1",0.747898644874708,0.192350117740704,0.0597512373845875
"4x2",0.604404063304731,0.133571985308874,0.262023951386395
"4x3",0.837815795285191,0.0544570143686106,0.107727190346199
"4x4",0.966612137838799,0,0.0333878621612014
"4x5",0.940075893704272,0.00280408396232357,0.0571200223334042
"4x6",0.993001167423367,0,0.00699883257663339
"4x7",0.915540940269068,0.00302678536964038,0.0814322743612921
"4x8",0.989070748753487,0,0.0109292512465131
"4x9",0.942403069050262,0,0.0575969309497377
"4x10",0.976846391189252,0.0133690624165274,0.00978454639422054
"4x11",0.957643380407962,0,0.0423566195920378
"4x12",0.947947352480236,0.00132754627134004,0.0507251012484243
"4x13",0.965804124469465,0,0.0341958755305355
"4x14",0.902030804513185,0,0.0979691954868153
"4x15",0.879941470847344,0.0250339557340401,0.0950245734186159
"4x16",0.964138802813804,0,0.0358611971861961
"4x17",0.872082811418279,0.069707504535458,0.0582096840462626
"4x18",0.879032128117527,0.113983010978942,0.00698486090353115
"4x19",0.680795525457772,0.188923668657963,0.130280805884264
"4x20",0.850797845456128,0.0353708592133278,0.113831295330544
"4x21",0.6914291984332,0.209909690714952,0.0986611108518478
"4x22",0.626250165884352,0.17779210962998,0.195957724485669
"4x23",0.483053524868115,0.462089868272393,0.0548566068594925
"4x24",0.545151957656671,0.321489333974889,0.133358708368439
"4x25",0.541221018949244,0.340856257310234,0.117922723740522
"4x26",0.359454779366242,0.521776125931463,0.118769094702295
"4x27",0.527188767322126,0.372954747093973,0.0998564855839007
"4x28",0.423419456503613,0.403778040286872,0.172802503209515
"4x29",0.278185249368316,0.648399520279047,0.0734152303526363
"4x30",0.347281290511189,0.480722217826132,0.17199649166268
"4x31",0,0.388541598637503,0.611458401362497
"4x32",0.112544901230835,0.577448496208356,0.310006602560809
"4x33",0.414756576179385,0.422636950572422,0.162606473248194
"4x34",0.356998022897705,0.522097527893551,0.120904449208744
"4x35",0.420735860782381,0.456767491152226,0.122496648065393
"4x36",0.226780029509893,0.558430647856575,0.214789322633532
"4x37",0.339797022649787,0.531655998070511,0.128546979279702
"4x38",0.401815895323438,0.269101332491634,0.329082772184928
"4x39",0.134601765762311,0.387281992613175,0.478116241624514
"4x40",0.260467087441062,0.609540811131684,0.129992101427254
"4x41",0.289874838329117,0.496088746818065,0.214036414852817
"4x42",0.297496655667272,0.520632173577564,0.181871170755164
"4x43",0.455173852629267,0.48429914097959,0.0605270063911426
"4x44",0.244276155874538,0.586810855714959,0.168912988410504
"4x45",0.327316643213208,0.414170976642968,0.258512380143824
"4x46",0.356451955353995,0.461826310035657,0.181721734610348
"4x47",0.286456981529536,0.403127300226151,0.310415718244313
"4x48",0.12661328279104,0.57585856613923,0.29752815106973
"4x49",0.185190607091995,0.400574519586357,0.414234873321648
"5x0",0.657149675033656,0.14634033673772,0.196509988228624
"5x1",0.790667791154499,0.193269530379641,0.0160626784658601
"5x2",0.971741947556841,0.00278901176885017,0.025469040674309
"5x3",0.950261601916868,0.00687461586921928,0.0428637822139123
"5x4",0.925263765134196,0.00361426104077961,0.0711219738250249
"5x5",0.952844797515539,0.0239091238734852,0.0232460786109756
"5x6",0.936904661974784,0.0598622742124239,0.00323306381279198
"5x7",0.912000949859312,0.0589177659766372,0.0290812841640506
"5x8",0.952441841682277,0.0150704721282334,0.0324876861894893
"5x9",0.97491510577462,0,0.0250848942253796
"5x10",0.96701412690404,0,0.0329858730959596
"5x11",0.941571718947002,0,0.058428281052998
"5x12",0.982598181134638,0,0.017401818865362
"5x13",0.934254960165672,0.00128933898495186,0.0644557008493764
"5x14",0.906379990465651,0.0199356967803174,0.0736843127540311
"5x15",0.95892024437127,0.0392086335217708,0.00187112210695876
"5x16",0.995748376224762,0.000525402153319963,0.00372622162191835
"5x17",0.925238381566909,0.00481939525687965,0.0699422231762116
"5x18",0.35097566172032,0.389190868511105,0.259833469768574
"5x19",0.723300798162566,0.152193172089209,0.124506029748224
"5x20",0.813966847098415,0.115811064747996,0.0702220881535883
"5x21",0.736125176702865,0.134352165525722,0.129522657771412
"5x22",0.557270926910193,0.337767281782158,0.104961791307649
"5x23",0.573760569944376,0.371627679857037,0.0546117501985867
"5x24",0.440173272129092,0.479038888067706,0.080787839803202
"5x25",0.343590458838555,0.536141673154771,0.120267868006674
"5x26",0.458822815837173,0.454802807130128,0.0863743770326995
"5x27",0.493109510140472,0.222460889177312,0.284429600682216
"5x28",0.389445113553543,0.58791661075396,0.0226382756924973
"5x29",0.347799589171541,0.611615438841183,0.0405849719872759
"5x30",0.490502952570935,0.499779427350307,0.00971762007875804
"5x31",0.331883173979674,0.524730707134217,0.14338611888611
"5x32",0.356544844988558,0.4044314921661,0.239023662845342
"5x33",0.372448677068623,0.353727638496562,0.273823684434815
"5x34",0.169387884961941,0.640350082039525,0.190262032998533
"5x35",0.18383833490737,0.705030685705323,0.111130979387306
"5x36",0.328322492798309,0.48806405552312,0.183613451678571
"5x37",0.194723243152558,0.666481989755884,0.138794767091559
"5x38",0.288679997631728,0.482104416977941,0.229215585390332
"5x39",0.219846480224606,0.449892604381376,0.330260915394018
"5x40",0.417238937019713,0.500882107931903,0.0818789550483846
"5x41",0.388838622901896,0.549414229884266,0.0617471472138388
"5x42",0.0187905156071406,0.604633825387073,0.376575659005787
"5x43",0.177096931064401,0.636275671961826,0.186627396973772
"5x44",0.218859374457123,0.571813370510234,0.209327255032643
"5x45",0.261398588129003,0.4240664872253,0.314534924645697
"5x46",0.319274038056415,0.388021985196617,0.292703976746969
"5x47",0.419981196267908,0.42725960739423,0.152759196337862
"5x48",0.393697965534711,0.5035296833328,0.102772351132489
"5x49",0.375120835824802,0.318266120265526,0.306613043909671
"6x0",0.75600262205618,0.0715595653759639,0.172437812567856
"6x1",0.717496860836293,0.196124179701532,0.0863789594621748
"6x2",0.957672348455049,0.0289960308898556,0.0133316206550958
"6x3",0.973258312263211,0.00179719393750195,0.0249444937992873
"6x4",0.963513339912446,0.00250740220772206,0.0339792578798323
"6x5",0.935022562901213,0.0484652192731181,0.0165122178256691
"6x6",0.958803128667645,0.0038491039275158,0.0373477674048389
"6x7",0.87309850569146,0.0366439017360433,0.0902575925724965
"6x8",0.900437333190439,0.00602197724884946,0.0935406895607112
"6x9",0.957999171910022,0.0213284052412864,0.0206724228486912
"6x10",0.954906274388017,0.0187332538527695,0.0263604717592134
"6x11",0.902853077850256,0.0216814823924648,0.0754654397572786
"6x12",0.963436646268038,0.0365633537319623,0
"6x13",0.962795455626974,0,0.0372045443730265
"6x14",0.94835714135969,0.0238690655416286,0.0277737930986814
"6x15",0.994811753510631,0.00518824648936935,0
"6x16",0.9849121820427,0.0150878179573001,0
"6x17",0.953179278378536,0.0209424587468534,0.0258782628746107
"6x18",0.922633141585775,0,0.0773668584142254
"6x19",0.835312412224215,0.0930701197852031,0.0716174679905821
"6x20",0.838519260436129,0.0305449586019019,0.130935780961969
"6x21",0.810124715134557,0.114458472211007,0.0754168126544357
"6x22",0.776758821684034,0.202207527224692,0.0210336510912743
"6x23",0.430570800467167,0.548925946953664,0.0205032525791689
"6x24",0.621370308140546,0.23569683961869,0.142932852240764
"6x25",0.390069606971499,0.420672632835245,0.189257760193257
"6x26",0.33114507681816,0.482806070717125,0.186048852464715
"6x27",0.396103716451822,0.454038303702011,0.149857979846167
"6x28",0.409308250148183,0.386584999492711,0.204106750359106
"6x29",0.314132313562337,0.413791146503517,0.272076539934146
"6x30",0.366328664040048,0.468368066700878,0.165303269259074
"6x31",0.46973281377363,0.455444902800522,0.0748222834258478
"6x32",0.0466893473671232,0.699278291484043,0.254032361148833
"6x33",0.229856050286531,0.620391786656604,0.149752163056865
"6x34",0.225618788341321,0.602595198835789,0.17178601282289
"6x35",0.362274901028251,0.440479489798303,0.197245609173446
"6x36",0.331721951271824,0.57813135401901,0.0901466947091662
"6x37",0.314229717956511,0.48667755799039,0.199092724053099
"6x38",0.230932500497824,0.52274963317088,0.246317866331296
"6x39",0.573707138740079,0.346403434183522,0.0798894270763987
"6x40",0.275053103599578,0.525959947817443,0.198986948582979
"6x41",0.178349102457795,0.632069753743112,0.189581143799093
"6x42",0.276262265458142,0.520050856232648,0.20368687830921
"6x43",0.115738882105774,0.481732226981319,0.402528890912907
"6x44",0.439296243225168,0.444998007413533,0.115705749361299
"6x45",0.351934027006618,0.441216682352106,0.206849290641276
"6x46",0.179365890246185,0.621675945746813,0.198958164007002
"6x47",0.252522697690604,0.523501838166481,0.223975464142915
"6x48",0.385315387119295,0.453506382674001,0.161178230206704
"6x49",0.387192111819595,0.466297513285886,0.14651037489452
"7x0",0.852697740910132,0.00267766113759913,0.144624597952269
"7x1",0.635152917903725,0.326648636579495,0.0381984455167796
"7x2",0.974189075888491,0.00953887425438532,0.0162720498571234
"7x3",0.928628474284834,0.0038702332135109,0.0675012925016552
"7x4",0.974193339718618,0.00187057745909993,0.0239360828222819
"7x5",0.996821378947827,0.00317862105217316,0
"7x6",0.963851117639651,0.00453139891942353,0.0316174834409255
"7x7",0.975880363281358,0.00245473647735105,0.0216649002412909
"7x8",0.950744789735861,0.00101453804646417,0.0482406722176754
"7x9",0.937715494672614,0.00807512591535123,0.0542093794120346
"7x10",0.954103179599638,0.00180616544777115,0.0440906549525905
"7x11",0.92062524729635,0.0113545985417312,0.0680201541619188
"7x12",0.882769573820686,0.00613469737798169,0.111095728801332
"7x13",0.939985028395251,0.00537899226565655,0.0546359793390923
"7x14",0.955641030335288,0.00383809731897076,0.040520872345741
"7x15",0.991622911580355,0,0.00837708841964498
"7x16",0.906931618177935,0.00271010207547047,0.0903582797465944
"7x17",0.98588174430192,0.000372394281765607,0.0137458614163148
"7x18",0.969730368299848,0.00149946830348592,0.0287701633966665
"7x19",0.634945485551801,0.290577017437291,0.0744774970109083
"7x20",0.514699505176734,0.0817971336989417,0.403503361124325
"7x21",0.535988199994443,0.227824864133656,0.236186935871901
"7x22",0.593675899386135,0.341713566918134,0.0646105336957306
"7x23",0.509533069876937,0.34734856887267,0.143118361250393
"7x24",0.735356651303024,0.177602158155019,0.0870411905419569
"7x25",0.398914545848764,0.475142947643576,0.12594250650766
"7x26",0.235919997478602,0.669911764532794,0.0941682379886042
"7x27",0.385512733851619,0.552492417547166,0.0619948486012154
"7x28",0.234889344147985,0.669710684740825,0.0953999711111901
"7x29",0.209339491408138,0.594361808430345,0.196298700161517
"7x30",0.387709696612125,0.436900257249116,0.175390046138759
"7x31",0.476126209050445,0.43753134333736,0.0863424476121951
"7x32",0.193136464512794,0.746094155627369,0.0607693798598366
"7x33",0.279974024678572,0.644529525440227,0.0754964498812006
"7x34",0.0956089411458288,0.626888968044267,0.277502090809904
"7x35",0.260376000829961,0.592124211970523,0.147499787199516
"7x36",0.369644160602524,0.531345658227038,0.0990101811704381
"7x37",0.20895581072109,0.697438647965818,0.093605541313092
"7x38",0.137667769835512,0.595467876102427,0.266864354062061
"7x39",0.526408622262476,0.422102999938713,0.0514883777988111
"7x40",0.117671459691068,0.404900459761435,0.477428080547497
"7x41",0.270594339271693,0.451528622251522,0.277877038476785
"7x42",0.393108521890803,0.507865475091507,0.0990260030176894
"7x43",0.328528655110613,0.401463093881789,0.270008251007598
"7x44",0.214574609100874,0.487556290979159,0.297869099919967
"7x45",0.334029420386469,0.528102289776872,0.137868289836659
"7x46",0.152741516899555,0.791871191583541,0.0553872915169043
"7x47",0.180225517642398,0.567248717223022,0.25252576513458
"7x48",0.350235458990064,0.296325114372138,0.353439426637797
"7x49",0.378821536022641,0.245238946988046,0.375939516989313
"8x0",0.932387543194715,0.0339691588595484,0.0336432979457362
"8x1",0.877801359430087,0.0884353355370673,0.0337633050328461
"8x2",0.979276731102699,0.00179294088803449,0.0189303280092663
"8x3",0.871263522082884,0.0375259156682496,0.0912105622488659
"8x4",0.958957371604048,0.0211180304756678,0.0199245979202842
"8x5",0.96444038262462,0,0.03555961737538
"8x6",0.92060695694913,0.0546401350247164,0.0247529080261537
"8x7",0.969806644108282,0.00325447321351107,0.026938882678207
"8x8",0.970548690992727,0,0.0294513090072727
"8x9",0.842058087602652,0.0393010740918379,0.118640838305511
"8x10",0.984009600703737,0,0.0159903992962627
"8x11",0.964537637708334,0.0262725966691819,0.00918976562248397
"8x12",0.976595841847356,0.0150861896097859,0.00831796854285841
"8x13",0.969614522813783,0.0179121240384038,0.0124733531478131
"8x14",0.9379742317411,0.00421524377773517,0.057810524481165
"8x15",0.948375461689326,0.0486891631781187,0.00293537513255495
"8x16",0.89351257085916,0.0721700939056018,0.0343173352352383
"8x17",0.885322855184606,0.0386712958383551,0.0760058489770392
"8x18",0.931957549939817,0.0542092874895811,0.0138331625706019
"8x19",0.711308205759919,0.257147296059167,0.0315444981809137
"8x20",0.732849130866323,0.156703441155757,0.11044742797792
"8x21",0.520936947947005,0.390946535954846,0.0881165160981498
"8x22",0.542085565296332,0.351077409132836,0.106837025570833
"8x23",0.529802101856715,0.412005575625954,0.0581923225173306
"8x24",0.66104109279615,0.20957372658241,0.12938518062144
"8x25",0.365217144421362,0.50756460436561,0.127218251213028
"8x26",0.315347903280046,0.602170228239755,0.082481868480199
"8x27",0.53065736041227,0.372198982489416,0.0971436570983141
"8x28",0.219902266131711,0.560153323538899,0.219944410329389
"8x29",0.335030151905852,0.58237975048698,0.0825900976071672
"8x30",0.17063340956628,0.554474040640617,0.274892549793103
"8x31",0.290048445701831,0.520267521059488,0.189684033238681
"8x32",0.23865418503526,0.76134581496474,0
"8x33",0.309620080407018,0.63343402656834,0.0569458930246412
"8x34",0.108412612947211,0.74125323382407,0.150334153228719
"8x35",0.379517348642111,0.551103364221367,0.0693792871365214
"8x36",0.513218082577308,0.438491435261522,0.0482904821611692
"8x37",0.338730803940762,0.592525270047362,0.0687439260118756
"8x38",0.382588940793026,0.540439572537176,0.0769714866697984
"8x39",0.368191199898459,0.464875242790825,0.166933557310717
"8x40",0.26626166069435,0.677891488624421,0.0558468506812295
"8x41",0.0740370536647281,0.398205740604504,0.527757205730768
"8x42",0.236297033076153,0.635222139437024,0.128480827486823
"8x43",0.293477826362582,0.438693387198726,0.267828786438692
"8x44",0.171343782042037,0.691702392104117,0.136953825853846
"8x45",0.242676092518884,0.482803974208271,0.274519933272845
"8x46",0.217775259635188,0.687276482601794,0.0949482577630182
"8x47",0.267308315682952,0.428115019568045,0.304576664749003
"8x48",0.33645244868956,0.320358289441189,0.34318926186925
"8x49",0.165145481569368,0.424646227635256,0.410208290795377
"9x0",0.887811236398146,0.0816759388572549,0.0305128247445989
"9x1",0.857963396802053,0.0262535112594172,0.115783091938529
"9x2",0.91092899890234,0.0351135495958973,0.0539574515017628
"9x3",0.866287368354494,0.0366426333311972,0.0970699983143087
"9x4",0.894722442397698,0.0307723150400399,0.0745052425622614
"9x5",0.955895990362327,0.0441040096376727,0
"9x6",0.923767380733189,0,0.0762326192668108
"9x7",0.979820792559479,0.00782742577599374,0.0123517816645277
"9x8",0.893381216519738,0.0103050225734052,0.0963137609068566
"9x9",0.832440397518334,0.0576225843470005,0.109937018134666
"9x10",0.972353740784889,0.00177511599319434,0.0258711432219168
"9x11",0.9307908429942,0,0.0692091570058001
"9x12",0.839441035567939,0.0167667287964946,0.143792235635566
"9x13",0.961349647038906,0.0183844239741189,0.0202659289869754
"9x14",0.96364084306894,0,0.0363591569310603
"9x15",0.969714919968615,0,0.0302850800313853
"9x16",0.941405346197729,0.012651510211505,0.0459431435907659
"9x17",0.913156499050864,0.00485286851778339,0.0819906324313525
"9x18",0.960557958525966,0.018101477805492,0.0213405636685424
"9x19",0.840537231114774,0,0.159462768885227
"9x20",0.570739769436838,0.247982634252084,0.181277596311078
"9x21",0.661899387592468,0.222966925701583,0.115133686705949
"9x22",0.813996652344447,0.16610349467556,0.0198998529799933
"9x23",0.629435381006513,0.326494245750864,0.0440703732426221
"9x24",0.316293442975797,0.615233186393218,0.0684733706309842
"9x25",0.385695800074752,0.57407169861661,0.0402325013086377
"9x26",0.43773711507622,0.412198731554661,0.150064153369119
"9x27",0.413805950697298,0.565531245369037,0.0206628039336655
"9x28",0.205753331923704,0.758173033896534,0.0360736341797622
"9x29",0.232675775766804,0.509912706563624,0.257411517669572
"9x30",0.35273689447304,0.540311408851431,0.106951696675529
"9x31",0.157034114304986,0.742529296155774,0.10043658953924
"9x32",0.190675960832457,0.682695307269029,0.126628731898513
"9x33",0.226027544753376,0.735265360563543,0.0387070946830801
"9x34",0.160727768094871,0.743620286449805,0.0956519454553247
"9x35",0.157151464636348,0.595209139508585,0.247639395855068
"9x36",0.115340592087963,0.730506801066523,0.154152606845514
"9x37",0.211933264113385,0.510548178972376,0.277518556914239
"9x38",0.0803719898297317,0.847509959038533,0.0721180511317349
"9x39",0.171399312642288,0.754834065966307,0.0737666213914053
"9x40",0.343798660963947,0.55236456331409,0.103836775721962
"9x41",0.193253658913865,0.624643281681863,0.182103059404271
"9x42",0.100851072090933,0.814425261056935,0.0847236668521318
"9x43",0.128352008380251,0.449833985074175,0.421814006545573
"9x44",0.239179994603732,0.619553958249399,0.141266047146869
"9x45",0.155392317044959,0.674564141834338,0.170043541120703
"9x46",0.278672014943041,0.408688272196548,0.312639712860411
"9x47",0.131180197684648,0.65032388556536,0.218495916749991
"9x48",0.158443189320969,0.65908017215154,0.182476638527491
"9x49",0.201569145529707,0.700408109134996,0.0980227453352973
"10x0",0.810600300323011,0.0811860988431343,0.108213600833855
"10x1",0.887150856904256,0.00325274347306658,0.109596399622677
"10x2",0.912393659888965,0.024706519177608,0.0628998209334274
"10x3",0.935097957822575,0,0.0649020421774252
"10x4",0.914793034528257,0.0733549789322999,0.0118519865394429
"10x5",0.899474961527559,0,0.100525038472441
"10x6",0.978233057493503,0.00712461530822765,0.0146423271982693
"10x7",0.949556151685946,0,0.0504438483140545
"10x8",0.932069592915869,0.017061390222058,0.0508690168620727
"10x9",0.932324858557444,0.0309343815721867,0.0367407598703693
"10x10",0.976723227527932,0.00319048967106262,0.0200862828010053
"10x11",0.872169619884514,0.0259547342220567,0.101875645893429
"10x12",0.981939528861625,0.0017531112034856,0.0163073599348894
"10x13",0.882492752180356,0.0264474743615167,0.091059773458127
"10x14",0.943127161400643,0.00612242118696705,0.05075041741239
"10x15",0.960991374630464,0.00439113260964886,0.0346174927598872
"10x16",0.93236570774338,0.017712757960203,0.049921534296417
"10x17",0.929941886526507,0.0686038668068108,0.00145424666668217
"10x18",0.995751874458869,0.0022721419816269,0.00197598355950361
"10x19",0.988572170092321,0,0.0114278299076788
"10x20",0.776780073519028,0.173680567952593,0.0495393585283791
"10x21",0.645149811269495,0.26184910593644,0.0930010827940655
"10x22",0.561685728253123,0.367364351034423,0.0709499207124537
"10x23",0.477450283735197,0.440424604717028,0.0821251115477748
"10x24",0.401653515224417,0.564748402545336,0.033598082230247
"10x25",0.19751336695578,0.679770636939228,0.122715996104993
"10x26",0.236857729392843,0.703332224540697,0.0598100460664603
"10x27",0.325237108860208,0.662666877388379,0.0120960137514126
"10x28",0.263720752213089,0.725772761422683,0.0105064863642282
"10x29",0.237890580154101,0.699185368803611,0.0629240510422879
"10x30",0.132277321931976,0.760907153440964,0.106815524627061
"10x31",0.258859613289129,0.643603868805252,0.097536517905619
"10x32",0.150188903687079,0.756349860613215,0.0934612356997057
"10x33",0.58873406355068,0.342020305221495,0.0692456312278246
"10x34",0.201400694852014,0.774468184249528,0.0241311208984576
"10x35",0.0964846386709183,0.853158121664683,0.0503572396643989
"10x36",0.227327553376558,0.624253429789149,0.148419016834293
"10x37",0.391217992459374,0.551043177931654,0.0577388296089715
"10x38",0.178410211787788,0.690306552505949,0.131283235706263
"10x39",0.1581718376296,0.665191844517408,0.176636317852992
"10x40",0.151485665055486,0.697507811958229,0.151006522986285
"10x41",0.233816282077621,0.685368805445618,0.0808149124767607
"10x42",0.246507868499198,0.552174036006309,0.201318095494493
"10x43",0.338233945827909,0.487576112226283,0.174189941945808
"10x44",0.202392401491066,0.597214332141902,0.200393266367032
"10x45",0.0929817066539008,0.669366009065558,0.237652284280542
"10x46",0.385506169230024,0.506050556925576,0.1084432738444
"10x47",0.276365642640987,0.64035344455536,0.0832809128036534
"10x48",0.0661428360276943,0.604406793949155,0.32945037002315
"10x49",0.216348126274434,0.40994044115771,0.373711432567856
"11x0",0.744364503261856,0.146842692036042,0.108792804702102
"11x1",0.749316902302705,0.222493469604858,0.0281896280924369
"11x2",0.885687021085086,0.0281145989169604,0.0861983799979534
"11x3",0.992620178738029,0.00737982126197144,0
"11x4",0.93859534488062,0,0.0614046551193795
"11x5",0.927965976756078,0.049289054632299,0.0227449686116233
"11x6",0.9767621255908,0,0.0232378744091999
"11x7",0.946268051601232,0,0.053731948398768
"11x8",0.973756098627463,0.0119166382938947,0.0143272630786422
"11x9",0.926025037141418,0.0049787558521337,0.0689962070064477
"11x10",0.980688615377929,0.019311384622071,0
"11x11",0.948245550372727,0.00214701516149699,0.0496074344657758
"11x12",0.882338123051806,0,0.117661876948194
"11x13",0.932495687837029,0.000799758982131211,0.0667045531808394
"11x14",0.892850503754509,0.0739519238616355,0.0331975723838558
"11x15",0.947098208848925,0.0187301801005971,0.0341716110504779
"11x16",0.916992930296002,0.0202503213697329,0.0627567483342655
"11x17",0.937047798625769,0.0459894193825772,0.0169627819916534
"11x18",0.995195038207176,0.00351785050424164,0.0012871112885824
"11x19",0.8184417392837,0.177935996481874,0.00362226423442642
"11x20",0.583920596121522,0.416079403878478,0
"11x21",0.771464997284466,0.163285151731095,0.0652498509844387
"11x22",0.735832971906347,0.212823926428812,0.0513431016648413
"11x23",0.476294053870158,0.40627576259367,0.117430183536172
"11x24",0.357918803899776,0.575830133813752,0.0662510622864716
"11x25",0.409541135739871,0.542731288797891,0.0477275754622375
"11x26",0.250545105027877,0.706786547307457,0.0426683476646664
"11x27",0.177366205547554,0.701478078838767,0.12115571561368
"11x28",0.336412391254545,0.616870277940541,0.0467173308049142
"11x29",0.348463238336707,0.528536582886649,0.123000178776644
"11x30",0.0437023147794298,0.726610909748037,0.229686775472533
"11x31",0.198996435553992,0.67762989781263,0.123373666633378
"11x32",0.413762488862583,0.505041739978208,0.0811957711592085
"11x33",0.198379410983249,0.765695836583653,0.0359247524330981
"11x34",0.0795300704914894,0.88649035675323,0.0339795727552809
"11x35",0.0808198915711817,0.719902233005589,0.199277875423229
"11x36",0.224877971930146,0.681822064201928,0.0932999638679262
"11x37",0.0948546309594338,0.678752015940848,0.226393353099718
"11x38",0.22705373546989,0.592022730253122,0.180923534276988
"11x39",0.230173871713082,0.632505958114907,0.137320170172011
"11x40",0.0590809524371794,0.744120262339879,0.196798785222941
"11x41",0.316262751487555,0.579929226651308,0.103808021861137
"11x42",0.176425756571025,0.748707523517065,0.0748667199119095
"11x43",0.290319031991117,0.534860630572302,0.174820337436581
"11x44",0.178115152566109,0.532781566644406,0.289103280789486
"11x45",0.317037154859422,0.523649007707859,0.159313837432719
"11x46",0.0385452340623517,0.487478419399559,0.47397634653809
"11x47",0.214969134823804,0.496535989007741,0.288494876168455
"11x48",0.148678869625713,0.570411256290419,0.280909874083868
"11x49",0.137103374788323,0.422199336710127,0.440697288501549
"12x0",0.781228141886282,0.128235269221042,0.0905365888926759
"12x1",0.812757633686434,0.0842244698817089,0.103017896431857
"12x2",0.951894667373674,0,0.0481053326263256
"12x3",0.994208779492256,0.000361716246745005,0.00542950426099931
"12x4",0.954264395713591,0.0457356042864092,0
"12x5",0.967433797474932,0.0260139204060462,0.00655228211902168
"12x6",0.876430505276659,0.0019202347091107,0.12164926001423
"12x7",0.980218166348216,0.00156279382251467,0.0182190398292695
"12x8",0.984879030487481,0.00128434074158421,0.0138366287709349
"12x9",0.946047207781338,0.011272274414552,0.0426805178041101
"12x10",0.992983564408289,0.00127413788884325,0.00574229770286755
"12x11",0.938761691668021,0,0.0612383083319789
"12x12",0.937260232711973,0,0.0627397672880266
"12x13",0.979050745280723,0.00337824807068342,0.0175710066485935
"12x14",0.975917886144172,0.0240821138558278,0
"12x15",0.943248841779807,0,0.0567511582201929
"12x16",0.956599835422837,0,0.0434001645771631
"12x17",0.995579283089745,0.00127935206745693,0.00314136484279763
"12x18",0.898553323481255,0.0450609190830454,0.0563857574356996
"12x19",0.845472634759678,0.0877070746454935,0.0668202905948286
"12x20",0.715055751042383,0.187245981793269,0.097698267164348
"12x21",0.623228826615255,0.263140758724361,0.113630414660384
"12x22",0.581278013998571,0.350180538549442,0.0685414474519871
"12x23",0.515213580664901,0.405948085075782,0.0788383342593166
"12x24",0.212108094728937,0.740935294523055,0.0469566107480081
"12x25",0.134255436170716,0.803231000419452,0.0625135634098322
"12x26",0.295765597718309,0.641746084791204,0.0624883174904871
"12x27",0.233443381085087,0.585311862332033,0.18124475658288
"12x28",0.0445782658454444,0.883384048588926,0.0720376855656296
"12x29",0.204843426097707,0.720176367024752,0.0749802068775415
"12x30",0.0432215484520476,0.878741773881844,0.0780366776661087
"12x31",0.0677417126558461,0.794758935696636,0.137499351647518
"12x32",0.214131741948445,0.698565312466304,0.0873029455852505
"12x33",0.244350455321665,0.644345434559549,0.111304110118785
"12x34",0.0592937671926255,0.761682706122722,0.179023526684652
"12x35",0,0.475800200660565,0.524199799339435
"12x36",0.154231499580445,0.729450608108899,0.116317892310656
"12x37",0.339211085643981,0.560173277361302,0.100615636994718
"12x38",0.209014678823588,0.640509529381283,0.150475791795129
"12x39",0.107158208186007,0.842366695905125,0.0504750959088673
"12x40",0.210265140359537,0.586487410778122,0.203247448862341
"12x41",0.137348795587868,0.712291217957454,0.150359986454678
"12x42",0.0940270491593407,0.53749402280342,0.368478928037239
"12x43",0.309196730257393,0.457936962919055,0.232866306823552
"12x44",0.134649321414344,0.633549154811122,0.231801523774534
"12x45",0.241387063813043,0.539649336736673,0.218963599450284
"12x46",0,0.374547686484537,0.625452313515463
"12x47",0.171967081497062,0.579982157119381,0.248050761383558
"12x48",0.158745475266028,0.532797894874842,0.30845662985913
"12x49",0.21222519005738,0.496324043618139,0.291450766324481
"13x0",0.859071002979634,0.0329169965504516,0.108012000469914
"13x1",0.940661473988619,0.00105293067422281,0.0582855953371577
"13x2",0.908288669212705,0,0.0917113307872953
"13x3",0.946160094150568,0.0177486000327331,0.0360913058166988
"13x4",0.881632346856759,0,0.118367653143241
"13x5",0.972587794015948,0.000439914988839912,0.0269722909952124
"13x6",0.943150304127797,0,0.0568496958722031
"13x7",0.926944452693989,0.00388173483584431,0.0691738124701666
"13x8",0.899491839359035,0.0195550925557091,0.0809530680852554
"13x9",0.954433037213678,0.0327408832979372,0.012826079488385
"13x10",0.905352862120885,0,0.094647137879115
"13x11",0.867304101459768,0.00798684478468721,0.124709053755544
"13x12",0.916844641207331,0.0115218360118948,0.0716335227807738
"13x13",0.94111797167554,0.05888202832446,0
"13x14",0.944187178242427,0.00164101677822767,0.0541718049793455
