"","Ductal","Cancer","Stroma"
"0x0",0.0926499999145243,0.567350974461494,0.339999025623981
"0x1",0.0698484859134437,0.47958507340021,0.450566440686346
"0x2",0.157553663351327,0.666316803215323,0.17612953343335
"0x3",0.0222168408372739,0.532790216506801,0.444992942655926
"0x4",0.0645863610000522,0.663181633536171,0.272232005463777
"0x5",0.103297645365947,0.693290220893307,0.203412133740746
"0x6",0.13096514367416,0.719026757196191,0.150008099129649
"0x7",0.103722375540876,0.704073141401168,0.192204483057956
"0x8",0.134170019691993,0.817121247697906,0.0487087326101004
"0x9",0.117100206633703,0.778437485348917,0.10446230801738
"0x10",0.0363620710048962,0.722282942248937,0.241354986746167
"0x11",0.149170277321644,0.750956452605782,0.0998732700725742
"0x12",0.142041239637193,0.743093070638845,0.114865689723963
"0x13",0.20181927383354,0.72382848556099,0.07435224060547
"0x14",0.118939839401539,0.798071446500532,0.0829887140979297
"0x15",0.0913061140801258,0.713856278751384,0.19483760716849
"0x16",0.156168101454659,0.699430712151561,0.14440118639378
"0x17",0.159722876071638,0.637564398190586,0.202712725737776
"0x18",0.30448870993752,0.421332498291992,0.274178791770489
"0x19",0.0769984000906908,0.674986513674696,0.248015086234613
"0x20",0.0484416579706981,0.646138383324129,0.305419958705173
"0x21",0.0543022879140455,0.499742516808606,0.445955195277348
"0x22",0.197709065590107,0.47085995478255,0.331430979627343
"0x23",0.224591833301492,0.306111453628771,0.469296713069737
"0x24",0.152193682029521,0.583698348058587,0.264107969911892
"0x25",0.258203715873967,0.313100872263004,0.42869541186303
"0x26",0.131982803769275,0.497120362803151,0.370896833427574
"0x27",0.118214845720562,0.409112903060777,0.472672251218661
"0x28",0.101740081365322,0.304889316376044,0.593370602258633
"0x29",0.20438651258526,0.243497761052124,0.552115726362616
"0x30",0.27756533691123,0.300095462152558,0.422339200936212
"0x31",0.103671883592097,0.468872508519341,0.427455607888562
"0x32",0.0909584791530582,0.325516599478679,0.583524921368263
"0x33",0.097721165343274,0.54399121002707,0.358287624629656
"0x34",0.100006426926033,0.328542634065988,0.571450939007979
"0x35",0.0473578623129548,0.290883887514165,0.66175825017288
"0x36",0.126405772838328,0.321000871485084,0.552593355676588
"0x37",0.181870828374879,0.251602363106381,0.56652680851874
"0x38",0.286988406719901,0.283191973111854,0.429819620168245
"0x39",0.235281693563544,0.205850778333688,0.558867528102767
"0x40",0.190067802092961,0.340226645839828,0.469705552067211
"0x41",0.214341902700398,0.103958241696478,0.681699855603124
"0x42",0.150486487994279,0.199728470899252,0.649785041106469
"0x43",0.195933736676779,0.272996488661285,0.531069774661937
"0x44",0.362341453739244,0.137071621837561,0.500586924423195
"0x45",0.152653111322306,0.348880937337891,0.498465951339804
"0x46",0.223956182590616,0.248915041375787,0.527128776033597
"0x47",0.30491498008437,0.145299413462734,0.549785606452896
"0x48",0.197918402297512,0.234644900961982,0.567436696740506
"0x49",0.283821533501344,0.27803620135282,0.438142265145835
"1x0",0.155097913187845,0.696019487010581,0.148882599801574
"1x1",0.237107864160183,0.627988502292858,0.134903633546959
"1x2",0.0641568348115792,0.646010309185616,0.289832856002804
"1x3",0.148308777291008,0.508718436038509,0.342972786670484
"1x4",0.169823327109072,0.768408312438,0.0617683604529278
"1x5",0.0274302220939243,0.823112629132195,0.149457148773881
"1x6",0.131102535215775,0.714753632882486,0.154143831901739
"1x7",0.12856974337212,0.775692115179738,0.0957381414481421
"1x8",0.215525361733533,0.711054003187442,0.0734206350790253
"1x9",0.125760886757365,0.802967642290997,0.071271470951637
"1x10",0.0147560561947657,0.250963196465976,0.734280747339258
"1x11",0.162824381733978,0.689364107521503,0.147811510744519
"1x12",0.246183018737029,0.569078771177321,0.184738210085649
"1x13",0.0789400309795296,0.658896124342511,0.26216384467796
"1x14",0.0800664461116776,0.75384125483682,0.166092299051502
"1x15",0.180370712611654,0.689222660190331,0.130406627198015
"1x16",0.0919941316602708,0.516126702893845,0.391879165445884
"1x17",0.158433143045202,0.659562420216723,0.182004436738075
"1x18",0.160859685446381,0.603521636988415,0.235618677565204
"1x19",0.160995409085307,0.559134859868399,0.279869731046294
"1x20",0.104604485322443,0.47184530564069,0.423550209036867
"1x21",0.26424419987945,0.487573571567783,0.248182228552767
"1x22",0.156606403622659,0.395626567071399,0.447767029305942
"1x23",0.0551731205301198,0.484990136676652,0.459836742793229
"1x24",0.027374428275409,0.559803996517896,0.412821575206695
"1x25",0.0654120462683073,0.44092739160052,0.493660562131172
"1x26",0.131108015355267,0.461273648073675,0.407618336571058
"1x27",0.175313061879115,0.3223941995194,0.502292738601485
"1x28",0.207387535932889,0.395641613403219,0.396970850663892
"1x29",0.376668816498564,0.115478709037116,0.50785247446432
"1x30",0.137000992961751,0.297619367214835,0.565379639823414
"1x31",0.11039568127431,0.369232616516986,0.520371702208704
"1x32",0.242757431556887,0.24713746553942,0.510105102903693
"1x33",0.0809581902975221,0.381772199432201,0.537269610270277
"1x34",0.189320724697135,0.263109092248374,0.54757018305449
"1x35",0.151416609464173,0.260912644479112,0.587670746056715
"1x36",0.203214487438969,0.353091235093316,0.443694277467715
"1x37",0.256845606935137,0.214007156478634,0.529147236586229
"1x38",0.197145047209678,0.300851544582237,0.502003408208086
"1x39",0.0966384628097876,0.480235484469555,0.423126052720657
"1x40",0.0775299201402593,0.233872268109226,0.688597811750515
"1x41",0.104677616238681,0.220782114114011,0.674540269647308
"1x42",0.207640580725915,0.237897302505431,0.554462116768655
"1x43",0.0867722223354752,0.218895511140964,0.694332266523561
"1x44",0.205748496258211,0.140635697893495,0.653615805848295
"1x45",0.133208804760847,0.282058822003224,0.584732373235929
"1x46",0.197036019743082,0.341111761329529,0.461852218927389
"1x47",0.211583995596609,0.209583288346448,0.578832716056943
"1x48",0.332905080619846,0.307047617639953,0.360047301740201
"1x49",0.127764124152242,0.377800663435349,0.494435212412409
"2x0",0.0988069342533456,0.691584526484543,0.209608539262112
"2x1",0.0458756056543857,0.72571295726046,0.228411437085154
"2x2",0.157503552790318,0.772724948608411,0.0697714986012709
"2x3",0.161113296811101,0.773837101504744,0.065049601684155
"2x4",0.157582688688728,0.744034023020378,0.0983832882908937
"2x5",0.0947053752397388,0.585588373994531,0.319706250765731
"2x6",0.0628619868248085,0.354004076974891,0.583133936200301
"2x7",0.0587360530761918,0.869149090013937,0.0721148569098713
"2x8",0.0277027775552993,0.882859927286344,0.0894372951583562
"2x9",0.0395960618573452,0.875511954111369,0.0848919840312857
"2x10",0.0713627947308152,0.795723283621299,0.132913921647886
"2x11",0.123482619371168,0.807427486943636,0.0690898936851961
"2x12",0.00769727084035643,0.96816591750483,0.024136811654813
"2x13",0.067768654639196,0.143700893083973,0.788530452276831
"2x14",0.0726731454616396,0.842873534636895,0.0844533199014656
"2x15",0.084228381732863,0.847694766141061,0.0680768521260762
"2x16",0.061571199339115,0.540758215782819,0.397670584878066
"2x17",0.0553161337636255,0.724094305496248,0.220589560740127
"2x18",0.074046666203612,0.549844510294433,0.376108823501956
"2x19",0.255578908066993,0.457391347298059,0.287029744634948
"2x20",0.0642412301221689,0.671881124480086,0.263877645397746
"2x21",0.170195339591134,0.445454102929865,0.384350557479001
"2x22",0.199395781733098,0.523414902406301,0.277189315860601
"2x23",0.165275511267102,0.445782616593885,0.388941872139014
"2x24",0.0696429267877836,0.564867067216817,0.365490005995399
"2x25",0.146099354597508,0.42897260381462,0.424928041587872
"2x26",0.128448165665881,0.468390460429373,0.403161373904745
"2x27",0.0807778339120472,0.426526335047695,0.492695831040258
"2x28",0.111553921048465,0.207264259625348,0.681181819326186
"2x29",0.231919832100768,0.433979712980594,0.334100454918639
"2x30",0.237323692970004,0.336455644793435,0.426220662236561
"2x31",0.133112173204578,0.257628061240129,0.609259765555293
"2x32",0.283503653918086,0.274128273331689,0.442368072750225
"2x33",0.163432442297087,0.321222957642887,0.515344600060026
"2x34",0.151256450518862,0.397446821538838,0.4512967279423
"2x35",0.100398395149997,0.496925984084982,0.402675620765021
"2x36",0.0906763057121218,0.240036411142134,0.669287283145744
"2x37",0.391324148695945,0.255877373833834,0.352798477470221
"2x38",0.147634201897599,0.232971182007985,0.619394616094416
"2x39",0.309411671203546,0.208713696980993,0.481874631815461
"2x40",0.142568178204492,0.253928544952474,0.603503276843035
"2x41",0.350948927091693,0.158291841162376,0.490759231745931
"2x42",0.218065201102046,0.272753600941488,0.509181197956466
"2x43",0.142557797388362,0.15857978317549,0.698862419436148
"2x44",0.369760406921312,0.159693876807955,0.470545716270733
"2x45",0.278626231754357,0.215256667535592,0.506117100710051
"2x46",0.137405557621323,0.196812067619801,0.665782374758876
"2x47",0.106935943282461,0.198927707919662,0.694136348797877
"2x48",0.286010215817139,0.210233037972329,0.503756746210532
"2x49",0.265123081139777,0.203947066889088,0.530929851971135
"3x0",0.105893423222184,0.656604839156641,0.237501737621175
"3x1",0.20544115119914,0.780510919720788,0.0140479290800727
"3x2",0.101443704614486,0.854553955532781,0.0440023398527332
"3x3",0.161936733805431,0.796920927283602,0.0411423389109671
"3x4",0.0861089469131592,0.797003521965162,0.116887531121678
"3x5",0.0937019549590426,0.849007874717577,0.0572901703233809
"3x6",0.0390514474280974,0.910060880941236,0.050887671630667
"3x7",0.0549902867790788,0.859307148753228,0.0857025644676929
"3x8",0.0179655775833311,0.397022246439468,0.585012175977201
"3x9",0.0899511882649062,0.789477104295721,0.120571707439372
"3x10",0.159051263018926,0.75022176886959,0.090726968111483
"3x11",0.059140493808823,0.887643625266226,0.0532158809249509
"3x12",0.042434280653986,0.699054042915399,0.258511676430615
"3x13",0.086815785791462,0.831267028319043,0.0819171858894948
"3x14",0.0429282855683749,0.519850549929044,0.437221164502581
"3x15",0.0915348407160798,0.787849081286894,0.120616077997026
"3x16",0.0155882374738624,0.824153366145595,0.160258396380543
"3x17",0.0597874851917972,0.791479831308676,0.148732683499526
"3x18",0.0983165132224893,0.714873581224612,0.186809905552899
"3x19",0.130575398340929,0.697922358724779,0.171502242934292
"3x20",0.074625442428124,0.608395882547608,0.316978675024268
"3x21",0.122499014711649,0.354929546242105,0.522571439046247
"3x22",0.0462421879966709,0.702838978452539,0.25091883355079
"3x23",0.0969378391544303,0.601181826774539,0.301880334071031
"3x24",0.121950495026777,0.36395926601591,0.514090238957313
"3x25",0.162124906459717,0.234010462617959,0.603864630922325
"3x26",0.160389884862326,0.296715453716008,0.542894661421666
"3x27",0.228451870428138,0.355477092530862,0.416071037041001
"3x28",0.313171677066119,0.299646997400189,0.387181325533692
"3x29",0.120667742299659,0.353144445351974,0.526187812348366
"3x30",0.139476899182572,0.248221842284258,0.612301258533169
"3x31",0.102596994030078,0.266075488658171,0.631327517311751
"3x32",0.124671679486518,0.444397495459409,0.430930825054073
"3x33",0.0737666550128703,0.311430872252407,0.614802472734723
"3x34",0.13372745831687,0.17085801541574,0.69541452626739
"3x35",0.20699340491064,0.0877701291842732,0.705236465905087
"3x36",0.202371290325513,0.321672853337709,0.475955856336778
"3x37",0.191129945259839,0.196158836403047,0.612711218337114
"3x38",0.177511225787442,0.278727669366117,0.543761104846441
"3x39",0.105494560642209,0.20327600522222,0.691229434135571
"3x40",0.189529478831212,0.111714806560062,0.698755714608726
"3x41",0.201510277330738,0.169528375851619,0.628961346817643
"3x42",0.210632559607809,0.232298433573424,0.557069006818767
"3x43",0.15127838033713,0.203677334975371,0.645044284687499
"3x44",0.257432251905195,0.307404268209853,0.435163479884952
"3x45",0.240416719144937,0.296512614512225,0.463070666342837
"3x46",0.138741111469285,0.345266371273225,0.515992517257489
"3x47",0.287838756889536,0.24986311816677,0.462298124943695
"3x48",0.149766639261573,0.465211670113956,0.385021690624471
"3x49",0.253341574888881,0.220393317005725,0.526265108105393
"4x0",0.217671631398439,0.666896239481346,0.115432129120214
"4x1",0.0955357484860927,0.644351374386518,0.260112877127389
"4x2",0.251383681031524,0.535808602396652,0.212807716571824
"4x3",0.142731130502512,0.720099094951488,0.137169774546
"4x4",0.0752802356658836,0.911816734416905,0.0129030299172115
"4x5",0.085828904849128,0.909496847055795,0.00467424809507679
"4x6",0.0269796130954264,0.915607461289307,0.0574129256152668
"4x7",0.103526355752119,0.845765956279896,0.0507076879679842
"4x8",0.0554716236598211,0.937656398473023,0.00687197786715642
"4x9",0.0944721066635918,0.81094802197625,0.0945798713601584
"4x10",0.0175034704135967,0.930121725832931,0.0523748037534721
"4x11",0.0551189140574816,0.923663974700446,0.0212171112420727
"4x12",0.0920593926288983,0.845454021667115,0.0624865857039867
"4x13",0.0351475182985905,0.919488165433537,0.0453643162678728
"4x14",0.0981148195116598,0.838014386336969,0.0638707941513717
"4x15",0.115705791059257,0.78550787956266,0.0987863293780828
"4x16",0.0602102981563799,0.853938448860832,0.0858512529827876
"4x17",0.123774216515128,0.706252852620641,0.169972930864231
"4x18",0.0260366402734914,0.763604038813341,0.210359320913168
"4x19",0.148398761064102,0.531783661878806,0.319817577057093
"4x20",0.140487080541257,0.726052875449417,0.133460044009325
"4x21",0.0862389188521216,0.599049521107864,0.314711560040014
"4x22",0.214925089744971,0.501637524996543,0.283437385258486
"4x23",0.0800594236699488,0.416675140655718,0.503265435674333
"4x24",0.12979408415172,0.412218060646261,0.457987855202018
"4x25",0.172159424024365,0.441877148499951,0.385963427475684
"4x26",0.0966333699398005,0.305454807068995,0.597911822991204
"4x27",0.133752869531084,0.397816071809944,0.468431058658972
"4x28",0.155204784497254,0.328269073283887,0.516526142218859
"4x29",0.0913700353319296,0.214251225739946,0.694378738928125
"4x30",0.150054539147468,0.28435033330655,0.565595127545982
"4x31",0.465052830580204,0.0350430376058862,0.49990413181391
"4x32",0.222091151045141,0.163168353391934,0.614740495562925
"4x33",0.14645611170981,0.313393041581485,0.540150846708705
"4x34",0.150873776620019,0.249941425010494,0.599184798369487
"4x35",0.140768248171522,0.298816096086884,0.560415655741594
"4x36",0.170456819740916,0.210739415133417,0.618803765125667
"4x37",0.126831881599789,0.272464283703199,0.600703834697011
"4x38",0.305676699079994,0.307265465307435,0.387057835612571
"4x39",0.364761174102024,0.15826470793879,0.476974117959186
"4x40",0.112167762806073,0.191932533479993,0.695899703713935
"4x41",0.211076646325619,0.261392630628912,0.527530723045468
"4x42",0.159426249934858,0.230784005548951,0.609789744516191
"4x43",0.0781516072591922,0.366699948404342,0.555148444336466
"4x44",0.143059316560389,0.185493924992477,0.671446758447134
"4x45",0.241715262188639,0.263641218943429,0.494643518867932
"4x46",0.17862123678102,0.263835467322966,0.557543295896015
"4x47",0.222418953416691,0.250141302104844,0.527439744478466
"4x48",0.207617156444926,0.15055116909712,0.641831674457953
"4x49",0.29534621635313,0.2050147553687,0.499639028278169
"5x0",0.220860171955403,0.532706413893426,0.246433414151171
"5x1",0.0265072556178222,0.668334808778918,0.30515793560326
"5x2",0.0424819432790461,0.894814842375846,0.0627032143451081
"5x3",0.0617893488583341,0.84683850093479,0.0913721502068754
"5x4",0.0904602581723478,0.811442179614954,0.0980975622126985
"5x5",0.0437973404139796,0.859069611623602,0.097133047962418
"5x6",0.0644747026143641,0.508541437468492,0.426983859917144
"5x7",0.0669464842153397,0.825047408754372,0.108006107030288
"5x8",0.051625114962745,0.882798868153024,0.0655760168842312
"5x9",0.0568703754814306,0.928359857401164,0.0147697671174054
"5x10",0.0665569536972445,0.876634463575904,0.0568085827268513
"5x11",0.0881219878269565,0.869985649900126,0.0418923622729173
"5x12",0.071912177287107,0.887963286999224,0.040124535713669
"5x13",0.106674506497619,0.845388137406438,0.0479373560959421
"5x14",0.0862808748325551,0.780998992650461,0.132720132516984
"5x15",0.0179688818849556,0.869904692264868,0.112126425850176
"5x16",0.0230203538107797,0.949562127170307,0.0274175190189137
"5x17",0.0827414767019646,0.798596878161737,0.118661645136298
"5x18",0.226216146516282,0.345451162582521,0.428332690901197
"5x19",0.134564703016857,0.603159021689203,0.262276275293941
"5x20",0.0801988705588674,0.707883066251282,0.211918063189851
"5x21",0.144562338580415,0.61881124833171,0.236626413087875
"5x22",0.126923435862309,0.417937942505034,0.455138621632657
"5x23",0.0697150981270019,0.473337716080379,0.45694718579262
"5x24",0.0883779198345088,0.330777884601834,0.580844195563657
"5x25",0.129754076888681,0.30940041165063,0.56084551146069
"5x26",0.13259689174479,0.362216508663543,0.505186599591667
"5x27",0.240476919028482,0.389279672984494,0.370243407987024
"5x28",0.0300909864463514,0.303401502443261,0.666507511110388
"5x29",0.0552430040269212,0.276416824219774,0.668340171753305
"5x30",0.0397512696980789,0.37774070781126,0.582508022490662
"5x31",0.115521538643799,0.274401009027314,0.610077452328887
"5x32",0.25426237060598,0.293575969379724,0.452161660014296
"5x33",0.202618860619797,0.302618571409157,0.494762567971045
"5x34",0.151159825274032,0.148639597861178,0.70020057686479
"5x35",0.117758294326529,0.173968215537503,0.708273490135969
"5x36",0.193532793818915,0.276367522425106,0.530099683755979
"5x37",0.132502531977917,0.169715100217842,0.69778236780424
"5x38",0.237837205357351,0.224234093504539,0.53792870113811
"5x39",0.259313729792723,0.190254075744405,0.550432194462872
"5x40",0.0792432978648744,0.324867679959633,0.595889022175492
"5x41",0.059859380286329,0.302815199190964,0.637325420522707
"5x42",0.288481456448267,0.0377334963452219,0.673785047206511
"5x43",0.157386654846204,0.127722498319464,0.714890846834332
"5x44",0.185896141347382,0.172478167295642,0.641625691356976
"5x45",0.258999251594148,0.221580029667437,0.519420718738414
"5x46",0.277690654977317,0.224237601475652,0.498071743547031
"5x47",0.146251249360686,0.326883953283851,0.526864797355462
"5x48",0.107310789954213,0.285789352167576,0.606899857878211
"5x49",0.297257041209606,0.278201958664586,0.424541000125808
"6x0",0.178983488649085,0.626178789146251,0.194837722204664
"6x1",0.0808494627967641,0.614152464782821,0.304998072420415
"6x2",0.0303007992074665,0.859751807850619,0.109947392941914
"6x3",0.0442646571606141,0.907443086332185,0.0482922565072012
"6x4",0.0436351232815637,0.888405118230521,0.0679597584879155
"6x5",0.0568312855245739,0.828967362229063,0.114201352246363
"6x6",0.0137798570414994,0.682059631696639,0.304160511261862
"6x7",0.0902034359572135,0.312454949607047,0.59734161443574
"6x8",0.118876206579855,0.825978632269116,0.0551451611510288
"6x9",0.0545740061728738,0.826942889067096,0.11848310476003
"6x10",0.0434491176875151,0.87452820848911,0.0820226738233751
"6x11",0.0671506188935164,0.823303031561487,0.109546349544997
"6x12",0.0351116903831591,0.841666452525149,0.123221857091692
"6x13",0.0720262935448079,0.881820337572058,0.0461533688831342
"6x14",0.0459924916352956,0.345967384496463,0.608040123868241
"6x15",0.000497408449237336,0.936979561994188,0.0625230295565748
"6x16",0.00506107452922076,0.873266786648254,0.121672138822526
"6x17",0.0522154917909698,0.844814994313632,0.102969513895398
"6x18",0.0841913142019074,0.471716668406339,0.444092017391753
"6x19",0.13405755005981,0.676201154782341,0.18974129515785
"6x20",0.163415181164017,0.765276578216809,0.0713082406191747
"6x21",0.0694554363260471,0.662192175344906,0.268352388329047
"6x22",0.0423247849845921,0.605421921720409,0.352253293294999
"6x23",0.0491939183004903,0.361054474859378,0.589751606840132
"6x24",0.163418367153355,0.487353500612676,0.349228132233969
"6x25",0.195850386534744,0.323485189199952,0.480664424265304
"6x26",0.186880799112987,0.262747907195808,0.550371293691205
"6x27",0.169659513501456,0.29259105042146,0.537749436077084
"6x28",0.181312803318143,0.306883073077785,0.511804123604072
"6x29",0.222609823999164,0.266750723447464,0.510639452553371
"6x30",0.153582811781813,0.296903249272048,0.549513938946138
"6x31",0.0796794864899707,0.386982849915531,0.533337663594499
"6x32",0.180342409896623,0.0770555546951943,0.742602035408183
"6x33",0.1795785440455,0.182537594308161,0.637883861646339
"6x34",0.14378834341501,0.199286066349881,0.656925590235109
"6x35",0.176202060292372,0.267009586201164,0.556788353506463
"6x36",0.0892459086793919,0.264630783780937,0.646123307539671
"6x37",0.231125251619372,0.210561491746474,0.558313256634154
"6x38",0.205745570326359,0.223446969973608,0.570807459700033
"6x39",0.0993740594460439,0.470901763330036,0.42972417722392
"6x40",0.18788801101905,0.22168300782604,0.590428981154909
"6x41",0.158522270092447,0.153669000837556,0.687808729069997
"6x42",0.172350862557532,0.238649732993239,0.588999404449229
"6x43",0.300507155548514,0.124966787758686,0.5745260566928
"6x44",0.145375679791194,0.353943075339518,0.500681244869288
"6x45",0.189623092708122,0.240079061188443,0.570297846103435
"6x46",0.1777180538614,0.13840860045626,0.683873345682341
"6x47",0.194008213508729,0.215832683792584,0.590159102698687
"6x48",0.145789478965156,0.298464719490338,0.555745801544506
"6x49",0.131982721807541,0.31112624452618,0.556891033666279
"7x0",0.163924867639699,0.768193696363345,0.0678814359969563
"7x1",0.0933675236432237,0.530013174848387,0.376619301508389
"7x2",0.0291669404145784,0.868481382075829,0.102351677509592
"7x3",0.0315134160767936,0.239818713732191,0.728667870191016
"7x4",0.0367561854141595,0.3181648959109,0.64507891867494
"7x5",0.00698200368150345,0.929288523529914,0.063729472788583
"7x6",0.0469872841339963,0.890070379800821,0.0629423360651822
"7x7",0.0674535957706829,0.854749096346314,0.0777973078830035
"7x8",0.0752637443615404,0.867874041389514,0.0568622142489459
"7x9",0.106314559828529,0.801353726050587,0.0923317141208839
"7x10",0.0706793401309826,0.875538038979492,0.0537826208895258
"7x11",0.111040168583368,0.809037173186053,0.0799226582305789
"7x12",0.0438509071654383,0.296635714776568,0.659513378057994
"7x13",0.0848805260609533,0.831931108043915,0.0831883658951314
"7x14",0.0570704398545379,0.841698162080452,0.10123139806501
"7x15",0.0398059665231795,0.906425749075274,0.0537682844015463
"7x16",0.0957628547249873,0.83785272548757,0.0663844197874427
"7x17",0.0174008825853006,0.937058932269725,0.0455401851449739
"7x18",0.0626678513165346,0.866694292031823,0.0706378566516426
"7x19",0.121860201020264,0.509222357563276,0.36891744141646
"7x20",0.344454391288828,0.462881501148815,0.192664107562357
"7x21",0.214161365388555,0.470182859414115,0.315655775197329
"7x22",0.0909991272380463,0.46041784599605,0.448583026765904
"7x23",0.160429377797369,0.37435417942356,0.465216442779071
"7x24",0.115635143556303,0.628354956558473,0.256009899885224
"7x25",0.132203339355949,0.332524547522027,0.535272113122024
"7x26",0.0827301870617632,0.224160699198162,0.693109113740074
"7x27",0.0618727153373835,0.298979994462098,0.639147290200519
"7x28",0.0995547023048902,0.189848573474433,0.710596724220677
"7x29",0.148086095013455,0.183764670503795,0.66814923448275
"7x30",0.183352239768388,0.259967963490083,0.556679796741529
"7x31",0.11007871413625,0.362826426569707,0.527094859294043
"7x32",0.104929358289864,0.160872124385973,0.734198517324163
"7x33",0.0734299480025615,0.260910977441779,0.66565907455566
"7x34",0.239351869253591,0.0812916624957861,0.679356468250623
"7x35",0.148516235004572,0.215611397791247,0.63587236720418
"7x36",0.103548176790088,0.269193388797983,0.627258434411929
"7x37",0.0798160044172298,0.164152419682567,0.756031575900204
"7x38",0.191283847566942,0.118089035331339,0.690627117101719
"7x39",0.0895730197667394,0.40971879366647,0.500708186566791
"7x40",0.352989487185262,0.108162093670164,0.538848419144574
"7x41",0.220879274750694,0.238955553062112,0.540165172187194
"7x42",0.108052463738796,0.309356253418148,0.582591282843056
"7x43",0.243863780390018,0.269621318906406,0.486514900703576
"7x44",0.255360918666439,0.20558569036429,0.539053390969272
"7x45",0.110449595738477,0.280246529349329,0.609303874912194
"7x46",0.0672856558984551,0.139290737551306,0.793423606550239
"7x47",0.20643846536389,0.163186259825699,0.630375274810411
"7x48",0.30171656442496,0.260321888033349,0.437961547541691
"7x49",0.347275533442451,0.341772828541877,0.310951638015672
"8x0",0.100787786529728,0.84222908839672,0.0569831250735528
"8x1",0.0625087034831773,0.737951088190407,0.199540208326415
"8x2",0.037259735327782,0.913535564523345,0.0492047001488735
"8x3",0.111609962171127,0.813299688332154,0.0750903494967191
"8x4",0.0336575795808525,0.867460986894871,0.0988814335242768
"8x5",0.066818562046255,0.869558954870343,0.063622483083402
"8x6",0.051411243305,0.802923756004436,0.145665000690564
"8x7",0.0394286891589335,0.880043959037092,0.0805273518039743
"8x8",0.0587696176238221,0.890601865233272,0.0506285171429054
"8x9",0.149799698705952,0.727957081448571,0.122243219845477
"8x10",0.0418944519353854,0.938038405518785,0.02006714254583
"8x11",0.0302614207145847,0.843883763363483,0.125854815921932
"8x12",0.0302899844907476,0.852713043439738,0.116996972069515
"8x13",0.0209209519936712,0.937459815894697,0.0416192321116315
"8x14",0.0848859160087777,0.845044764979556,0.0700693190116665
"8x15",0.0212336585295631,0.843281769482203,0.135484571988234
"8x16",0.111517824809742,0.45854068661264,0.429941488577618
"8x17",0.0992254178797856,0.761341922314208,0.139432659806006
"8x18",0.0857454236922926,0.755301482161722,0.158953094145985
"8x19",0.0495669456302528,0.574642628160218,0.375790426209529
"8x20",0.172515225699406,0.570427066653925,0.257057707646669
"8x21",0.105205952211881,0.408157004028605,0.486637043759514
"8x22",0.101274658966597,0.439953709816409,0.458771631216994
"8x23",0.073953938623798,0.439624602962229,0.486421458413973
"8x24",0.128467942403807,0.537470635720556,0.334061421875637
"8x25",0.146699885614611,0.252656768419094,0.600643345966295
"8x26",0.102628194961175,0.25378993726286,0.643581867775965
"8x27",0.107571086503785,0.417651222817455,0.47477769067876
"8x28",0.171966535596447,0.180393186270548,0.647640278133005
"8x29",0.061880062079371,0.212970785704363,0.725149152216266
"8x30",0.2178575773145,0.163696363434403,0.618446059251097
"8x31",0.139151482656858,0.217310028405321,0.643538488937821
"8x32",0.0154917153140482,0.217288761642194,0.767219523043758
"8x33",0.0661501677468268,0.223557289559749,0.710292542693424
"8x34",0.123035455076188,0.0809966395091309,0.795967905414682
"8x35",0.105889085585847,0.268807812748528,0.625303101665625
"8x36",0.0818208676272564,0.424146132660241,0.494032999712503
"8x37",0.107236165732862,0.245592031053956,0.647171803213182
"8x38",0.0833325781289132,0.31457664643952,0.602090775431567
"8x39",0.137616613967673,0.316047083773826,0.546336302258501
"8x40",0.0828772750391148,0.200574733781149,0.716547991179736
"8x41",0.41922328766342,0.0715316672009479,0.509245045135632
"8x42",0.112462441351004,0.186977433976133,0.700560124672862
"8x43",0.235458491875855,0.246982098011033,0.517559410113112
"8x44",0.14049642432887,0.13859581957703,0.7209077560941
"8x45",0.237187804202905,0.18124844398291,0.581563751814185
"8x46",0.0917134836160413,0.17248757605176,0.735798940332198
"8x47",0.284421172999424,0.202550030302109,0.513028796698466
"8x48",0.314558249106399,0.221705633959378,0.463736116934224
"8x49",0.325575337641397,0.169422240490849,0.505002421867753
"9x0",0.0813470776977265,0.738389516664082,0.180263405638191
"9x1",0.125395530988942,0.753783041320923,0.120821427690135
"9x2",0.0819254233635863,0.831055037103242,0.0870195395331718
"9x3",0.118400076919034,0.749837993743065,0.1317619293379
"9x4",0.0846241284925063,0.804957989445131,0.110417882062363
"9x5",0.00118976918163076,0.900285506081662,0.0985247247367075
"9x6",0.134607468159069,0.806081035608864,0.0593114962320666
"9x7",0.0342348585731681,0.895976517458001,0.0697886239688311
"9x8",0.11720081516755,0.790482120233543,0.092317064598907
"9x9",0.145617970076191,0.729310267913489,0.12507176201032
"9x10",0.0470783445749981,0.87968691102592,0.0732347443990819
"9x11",0.107215276340007,0.836439733563625,0.0563449900963673
"9x12",0.158345329474388,0.760266840195422,0.0813878303301898
"9x13",0.0374771607922197,0.186775728080469,0.775747111127312
"9x14",0.0795610287890792,0.889929921351348,0.0305090498595728
"9x15",0.0686739489956792,0.867482543077582,0.0638435079267391
"9x16",0.0593590390205842,0.569336505186782,0.371304455792634
"9x17",0.0729367347964772,0.866439092894647,0.0606241723088758
"9x18",0.0411667297927937,0.868236699448665,0.0905965707585412
"9x19",0.191190932871411,0.790490880060725,0.0183181870678633
"9x20",0.200774799779037,0.447086557877741,0.352138642343222
"9x21",0.139653868474551,0.513558993639618,0.346787137885831
"9x22",0.0564567445273498,0.665782792941547,0.277760462531104
"9x23",0.0375498675109504,0.545385818350286,0.417064314138764
"9x24",0.0779534987841727,0.267806248466389,0.654240252749439
"9x25",0.0520405171276811,0.304467369763035,0.643492113109283
"9x26",0.137266151571892,0.378400632967647,0.484333215460461
"9x27",0.0466419273850761,0.352755089643365,0.600602982971559
"9x28",0.0487196382580316,0.1684300659411,0.782850295800869
"9x29",0.21511399110673,0.222323328012866,0.562562680880404
"9x30",0.139366634498225,0.274243152290363,0.586390213211412
"9x31",0.0865354748080853,0.119906164858575,0.79355836033334
"9x32",0.109150214646604,0.123524818862001,0.767324966491395
"9x33",0.0427937105430005,0.187389956025908,0.769816333431091
"9x34",0.0642995210650849,0.153114299114404,0.782586179820511
"9x35",0.204471423144615,0.0780849015609666,0.717443675294419
"9x36",0.132809699617625,0.125678048644448,0.741512251737927
"9x37",0.237294821163755,0.186586646165179,0.576118532671066
"9x38",0.0687355154365115,0.0784175113268066,0.852846973236682
"9x39",0.089851150841886,0.135782428088167,0.774366421069947
"9x40",0.0886532814567616,0.247671977754293,0.663674740788945
"9x41",0.167716597495783,0.152874549423988,0.679408853080229
"9x42",0.0961482583538074,0.0739586708148863,0.829893070831306
"9x43",0.343172414166029,0.125660859712817,0.531166726121155
"9x44",0.12468142403444,0.188211335089207,0.687107240876353
"9x45",0.145678785158787,0.139790187325157,0.714531027516056
"9x46",0.264114139826913,0.175263434507918,0.560622425665169
"9x47",0.179883621560979,0.112585570858736,0.707530807580285
"9x48",0.159411432070863,0.147432551871537,0.693156016057599
"9x49",0.0917319234620092,0.18146698818374,0.726801088354251
"10x0",0.0984439324879636,0.783308105532237,0.118247961979799
"10x1",0.112071060489738,0.819888762333949,0.0680401771763128
"10x2",0.100401917162265,0.792589523539515,0.107008559298221
"10x3",0.0825203986343415,0.848531462056876,0.0689481393087822
"10x4",0.0363032092545812,0.783484879735177,0.180211911010242
"10x5",0.138295845016507,0.825070375955783,0.0366337790277096
"10x6",0.0551307075982591,0.864274189805787,0.0805951025959537
"10x7",0.0725847788159474,0.881501239017228,0.045913982166825
"10x8",0.0820801292768192,0.812682372143096,0.105237498580085
"10x9",0.0380104561671285,0.83911376040357,0.122875783429301
"10x10",0.0624258690958753,0.737885645803515,0.19968848510061
"10x11",0.12576766885874,0.737527426734907,0.136704904406354
"10x12",0.0337299182643705,0.916641855357335,0.0496282263782941
"10x13",0.106003031185277,0.768508504220236,0.125488464594487
"10x14",0.0940491236098018,0.849851934423762,0.056098941966436
"10x15",0.0512183103849478,0.883386795148108,0.0653948944669445
"10x16",0.0592397683625545,0.863277585926115,0.0774826457113303
"10x17",0.0266909276487546,0.834160510541562,0.139148561809683
"10x18",0.0101585903182511,0.935222565581629,0.0546188441001195
"10x19",0.0347601090966434,0.925977121883045,0.0392627690203118
"10x20",0.0716146363448144,0.642676288249887,0.285709075405299
"10x21",0.0965894512116574,0.529327342341011,0.374083206447331
"10x22",0.0870595453967876,0.430939590980427,0.482000863622785
"10x23",0.0870685556730583,0.358298989020524,0.554632455306418
"10x24",0.0658274372052041,0.278570246197858,0.655602316596938
"10x25",0.128308191060688,0.180580818279499,0.691110990659814
"10x26",0.0473193687993225,0.250156722743493,0.702523908457185
"10x27",0.0372349150636813,0.246147545174391,0.716617539761928
"10x28",0.0213313625499089,0.205794082288518,0.772874555161573
"10x29",0.0751608900711529,0.179215399300887,0.74562371062796
"10x30",0.0836583910596784,0.10338285650486,0.812958752435461
"10x31",0.0898893300139371,0.208842237535264,0.701268432450799
"10x32",0.070632812338258,0.109590926866538,0.819776260795204
"10x33",0.080590749020527,0.487060069939823,0.43234918103965
"10x34",0.0123232155701664,0.16674252042401,0.820934264005823
"10x35",0.049396574476942,0.120830591387142,0.829772834135916
"10x36",0.11609523055693,0.186292452300705,0.697612317142365
"10x37",0.0886709344317812,0.324119933540587,0.587209132027632
"10x38",0.125764060734012,0.208774661566797,0.665461277699191
"10x39",0.133486762123325,0.109432551111787,0.757080686764888
"10x40",0.159103642064892,0.15366127494318,0.687235082991928
"10x41",0.0662195894245284,0.217241765717431,0.716538644858041
"10x42",0.200425861851691,0.177207896653808,0.622366241494501
"10x43",0.176890302812256,0.262403719446849,0.560705977740894
"10x44",0.292386148979218,0.13075440850622,0.576859442514561
"10x45",0.218530337339729,0.0987548199137536,0.682714842746517
"10x46",0.13458828960589,0.306384585901386,0.559027124492724
"10x47",0.114708199039541,0.20506617358887,0.680225627371589
"10x48",0.270239178133587,0.088732172381443,0.64102864948497
"10x49",0.305592304046787,0.169191721484169,0.525215974469044
"11x0",0.106286838155102,0.645816939953454,0.247896221891444
"11x1",0.0497923310412868,0.597379657160645,0.352828011798068
"11x2",0.122666421770116,0.797824905974706,0.079508672255178
"11x3",0.0166354344488168,0.904795789108552,0.0785687764426314
"11x4",0.0742366791353253,0.854341303353884,0.071422017510791
"11x5",0.0464932528854207,0.858197666977492,0.0953090801370874
"11x6",0.0841781600385157,0.871152495642889,0.0446693443185956
"11x7",0.0765854896284488,0.837557168616542,0.0858573417550095
"11x8",0.0401883985556478,0.874182167131701,0.0856294343126509
"11x9",0.0983054583883049,0.818289507618999,0.0834050339926966
"11x10",0.0158663623587049,0.893923193078004,0.0902104445632906
"11x11",0.0897579431279482,0.838031395082613,0.0722106617894386
"11x12",0.186191512563141,0.787056663617544,0.0267518238193152
"11x13",0.101643049836256,0.860808869620019,0.0375480805437253
"11x14",0.0648155166354027,0.790351138133193,0.144833345231404
"11x15",0.0634895231823991,0.818155774526434,0.118354702291167
"11x16",0.0623826345519299,0.851936094372681,0.0856812710753889
"11x17",0.0465687453296529,0.821327315971499,0.132103938698848
"11x18",0.000900115552963466,0.956816561011262,0.0422833234357745
"11x19",0.0365552030531535,0.677231510852203,0.286213286094644
"11x20",0.0149216639968007,0.465233215420156,0.519845120583044
"11x21",0.0737296348387608,0.658542470881478,0.267727894279761
"11x22",0.0935381312857385,0.582292520243186,0.324169348471075
"11x23",0.0621525562499229,0.420648808569162,0.517198635180915
"11x24",0.0732925971089874,0.295707849702302,0.63099955318871
"11x25",0.0437798051757808,0.317021287345137,0.639198907479082
"11x26",0.0273093877590915,0.205006661200869,0.767683951040039
"11x27",0.104070032098168,0.136975255562756,0.758954712339076
"11x28",0.053991719133935,0.272979393251441,0.673028887614624
"11x29",0.111435640095666,0.254778480667948,0.633785879236387
"11x30",0.165086017827947,0.0263595138539249,0.808554468318128
"11x31",0.0886653670839414,0.171801457171104,0.739533175744954
"11x32",0.0905735037787428,0.298088494565607,0.61133800165565
"11x33",0.040496834305019,0.179180803655538,0.780322362039442
"11x34",0.032434892975874,0.0915181112676881,0.876046995756438
"11x35",0.131245458994901,0.0589954608436371,0.809759080161462
"11x36",0.0782409013926578,0.167898990822504,0.753860107784838
"11x37",0.186534410910466,0.11405874610335,0.699406842986184
"11x38",0.183557800172356,0.171641451729,0.644800748098643
"11x39",0.151009500611146,0.217787020792645,0.63120347859621
"11x40",0.19747174429093,0.0612768716564242,0.741251384052646
"11x41",0.0981865135581989,0.249946516608397,0.651866969833404
"11x42",0.0815074644922871,0.156355873399291,0.762136662108422
"11x43",0.155839736374405,0.232003579261995,0.612156684363599
"11x44",0.219427831047097,0.13642222952265,0.644149939430252
"11x45",0.112357136386328,0.258494375067891,0.629148488545781
"11x46",0.355816086245929,0.061731397395874,0.582452516358197
"11x47",0.243811972940094,0.202662241855548,0.553525785204358
"11x48",0.25658371202746,0.173239856612577,0.570176431359963
"11x49",0.339626756941429,0.107530615513922,0.552842627544649
"12x0",0.126913725170921,0.678528549058659,0.194557725770421
"12x1",0.141248735930768,0.654316436195605,0.204434827873627
"12x2",0.0784995861351145,0.897372294682794,0.0241281191820913
"12x3",0.0231366029417209,0.936796185082322,0.0400672119759575
"12x4",0.0297126119142449,0.845805320156788,0.124482067928967
"12x5",0.0207412876022925,0.853880816551245,0.125377895846463
"12x6",0.143649383823895,0.83691758327162,0.0194330329044851
"12x7",0.0373273444993547,0.258402674800082,0.704269980700563
"12x8",0.0299815334130037,0.90924436661168,0.0607740999753159
"12x9",0.0671915797360772,0.847822074256267,0.0849863460076563
"12x10",0.0237207376574328,0.930365844903096,0.0459134174394712
"12x11",0.075169179388908,0.916521493480057,0.00830932713103476
"12x12",0.136834436432198,0.841951538110946,0.0212140254568553
"12x13",0.0416491420668951,0.858220188127573,0.100130669805532
"12x14",0.00903224567691463,0.85244300113142,0.138524753191665
"12x15",0.107808637248663,0.820386851051803,0.0718045116995338
"12x16",0.0823900248868027,0.883212203600452,0.0343977715127453
"12x17",0.0322021665943823,0.898432745600268,0.0693650878053494
"12x18",0.0713340851491591,0.793825396013694,0.134840518837147
"12x19",0.0922541398382953,0.718622589895824,0.18912327026588
"12x20",0.115287827687745,0.587426009089585,0.29728616322267
"12x21",0.139096874567724,0.498178030997261,0.362725094435014
"12x22",0.113913460018309,0.416327906319776,0.469758633661915
"12x23",0.115919838093743,0.390491312395277,0.493588849510979
"12x24",0.0530372344489279,0.192942370398232,0.75402039515284
"12x25",0.0586896581329651,0.0934129220490457,0.847897419817989
"12x26",0.0704006086526782,0.233640954232371,0.695958437114951
"12x27",0.187637228510592,0.161965200312729,0.65039757117668
"12x28",0.0775923380349768,0.0529951862165786,0.869412475748444
"12x29",0.0792736531130859,0.148726456092187,0.771999890794727
"12x30",0.0969398965058162,0.029985604538356,0.873074498955828
"12x31",0.0739510872422849,0.0637808689323922,0.862268043825323
"12x32",0.119435881109858,0.159715917165154,0.720848201724989
"12x33",0.0975894402318918,0.201771828796434,0.700638730971674
"12x34",0.17570388200306,0.0707181716808811,0.753577946316059
"12x35",0.403889124688378,0,0.596110875311622
"12x36",0.0950683483550933,0.129245162366891,0.775686489278016
"12x37",0.0900026610295765,0.263294944438382,0.646702394532042
"12x38",0.145861735024941,0.152726631069893,0.701411633905166
"12x39",0.0278370342989078,0.110855063000049,0.861307902701043
"12x40",0.207415696428466,0.200202546974617,0.592381756596917
"12x41",0.123215837138084,0.116975379271559,0.759808783590357
"12x42",0.281265033359715,0.104842294806913,0.613892671833373
"12x43",0.22026311479013,0.247937077497804,0.531799807712066
"12x44",0.265868466179174,0.112717486100689,0.621414047720137
"12x45",0.200221966659983,0.210714660155944,0.589063373184073
"12x46",0.475579194166108,0.0132013705587909,0.511219435275101
"12x47",0.210125984226489,0.131321751248464,0.658552264525047
"12x48",0.249187519382355,0.150947727492579,0.599864753125066
"12x49",0.237744277132978,0.198947457253333,0.56330826561369
"13x0",0.163642037416045,0.749483258707146,0.0868747038768095
