"","cell_ID","Cancer","Ductal","Stroma"
"1","0x0",0.534481386301597,0.465518613698403,0
"2","0x1",0.397244371710403,0.155196144193421,0.447559484096176
"3","0x2",0.595103547982581,0.404896452017419,0
"4","0x3",0.37100382976924,0.199721475756734,0.429274694474026
"5","0x4",0.682971509841228,0.317028490158772,0
"6","0x5",0.654060759968989,0.345939240031011,0
"7","0x6",0.575657373989307,0.298579576416478,0.125763049594215
"8","0x7",0.455797529127611,0.360039687645348,0.18416278322704
"9","0x8",0.710358287004031,0.289641712995969,0
"10","0x9",0.654058957733059,0.345941042266941,0
"11","0x10",0.62472763596148,0.170522052436747,0.204750311601773
"12","0x11",0.573817005592191,0.426182994407809,0
"13","0x12",0.650311635169375,0.349688364830625,0
"14","0x13",0.54932146619626,0.45067853380374,0
"15","0x14",0.624349883905265,0.375650116094735,0
"16","0x15",0.732067274597277,0.267932725402723,0
"17","0x16",0.502771448307896,0.497228551692104,0
"18","0x17",0.481562782227796,0.40224651138025,0.116190706391954
"19","0x18",0.322133659677787,0.447524566041449,0.230341774280764
"20","0x19",0.517070189334707,0.260536715448232,0.222393095217062
"21","0x20",0.376333652739086,0.364495724393622,0.259170622867292
"22","0x21",0.457051216641444,0.143650734067134,0.399298049291422
"23","0x22",0.334530231386301,0.377540007929748,0.287929760683951
"24","0x23",0.148290177164832,0.436595743880105,0.415114078955064
"25","0x24",0.500268810845776,0.274919396716392,0.224811792437831
"26","0x25",0.300621380485693,0.326907165389453,0.372471454124854
"27","0x26",0.350999199340794,0.379228031661449,0.269772768997758
"28","0x27",0.356399423604246,0.203617106163862,0.439983470231892
"29","0x28",0.15239572289682,0.271579531517683,0.576024745585498
"30","0x29",0.23835520013453,0.240159320092826,0.521485479772644
"31","0x30",0.235563411250534,0.38850870356322,0.375927885186246
"32","0x31",0.272106933838755,0.368989667623921,0.358903398537324
"33","0x32",0.253259340341748,0.165322317843981,0.58141834181427
"34","0x33",0.315503411147643,0.367010731593363,0.317485857258994
"35","0x34",0.327199453481217,0.183270805097895,0.489529741420888
"36","0x35",0.174841172028887,0.178768171196731,0.646390656774382
"37","0x36",0.229313683241262,0.281814318415425,0.488871998343313
"38","0x37",0.183773473551955,0.297364715377485,0.518861811070561
"39","0x38",0.210110488449732,0.392735862664928,0.39715364888534
"40","0x39",0,0.465986963871998,0.534013036128002
"41","0x40",0.202486176715059,0.424788143000115,0.372725680284826
"42","0x41",0,0.333328107033379,0.666671892966621
"43","0x42",0.1046875787674,0.279489461241485,0.615822959991114
"44","0x43",0.161937145174959,0.419559003406857,0.418503851418184
"45","0x44",0,0.563146676911504,0.436853323088496
"46","0x45",0.37369241439728,0,0.62630758560272
"47","0x46",0.221571929300039,0.31585988296486,0.462568187735101
"48","0x47",0,0.516833342127285,0.483166657872715
"49","0x48",0.183036729925221,0.220466563121567,0.596496706953212
"50","0x49",0.295574483079174,0.376868610009304,0.327556906911522
"51","1x0",0.560147547816928,0.439852452183072,0
"52","1x1",0.606060314136874,0.393939685863126,0
"53","1x2",0.433707489320354,0.262717204363542,0.303575306316105
"54","1x3",0.381217416665925,0.300094213905027,0.318688369429048
"55","1x4",0.624868218693586,0.375131781306414,0
"56","1x5",0.787481530490042,0.212518469509958,0
"57","1x6",0.738004726106224,0.261995273893776,0
"58","1x7",0.759278861462347,0.240721138537653,0
"59","1x8",0.513131164043955,0.486868835956045,0
"60","1x9",0.731170311092193,0.268829688907807,0
"61","1x10",0.120270493510743,0.117636801441754,0.762092705047503
"62","1x11",0.525551623263403,0.35252379994345,0.121924576793147
"63","1x12",0.308335404203102,0.691664595796898,0
"64","1x13",0.570773781835898,0.213317751772374,0.215908466391728
"65","1x14",0.651430830680204,0.348569169319796,0
"66","1x15",0.614099395038664,0.385900604961336,0
"67","1x16",0.381705077516476,0.281432212411845,0.336862710071679
"68","1x17",0.541858984634478,0.327679309847788,0.130461705517734
"69","1x18",0.561629331866145,0.20680720714833,0.231563460985526
"70","1x19",0.540564090685087,0.246340526162712,0.213095383152201
"71","1x20",0.3576334771633,0.269068425349615,0.373298097487085
"72","1x21",0.456731635611836,0.353007000165482,0.190261364222682
"73","1x22",0.398589293020726,0.280081942076738,0.321328764902536
"74","1x23",0.5747254340346,0,0.4252745659654
"75","1x24",0.401179807137178,0.207442530489378,0.391377662373444
"76","1x25",0.310011657905051,0.231546698943783,0.458441643151166
"77","1x26",0.368397534761604,0.236147810786197,0.3954546544522
"78","1x27",0.189862808007009,0.371516742216589,0.438620449776403
"79","1x28",0.233132738938318,0.382029053218621,0.384838207843061
"80","1x29",0,0.519824030636663,0.480175969363337
"81","1x30",0.18443998066703,0.242789573390295,0.572770445942675
"82","1x31",0.300899139128983,0.184520997861091,0.514579863009927
"83","1x32",0.203310791948124,0.341170184894594,0.455519023157281
"84","1x33",0.229009249597396,0.265524402091907,0.505466348310696
"85","1x34",0.238812237824949,0.308869748671914,0.452318013503137
"86","1x35",0.191597250319703,0.279362729051634,0.529040020628663
"87","1x36",0.268048153193594,0.311649681558187,0.420302165248219
"88","1x37",0.16898171055146,0.367668891847456,0.463349397601084
"89","1x38",0.197979537411286,0.314826486043688,0.487193976545026
"90","1x39",0.438429963454298,0.177475868191231,0.384094168354471
"91","1x40",0.119370159916456,0.201956657542517,0.678673182541027
"92","1x41",0.133962059082596,0.219380458744754,0.64665748217265
"93","1x42",0.175755254140765,0.345445691782813,0.478799054076421
"94","1x43",0,0.278560729626038,0.721439270373962
"95","1x44",0,0.34470977048171,0.65529022951829
"96","1x45",0.195136300776833,0.186533877702774,0.618329821520394
"97","1x46",0.248096236629668,0.327261121614738,0.424642641755594
"98","1x47",0.233385586207234,0.205999999130256,0.56061441466251
"99","1x48",0.175972008566517,0.517911887624674,0.306116103808809
"100","1x49",0.342677337137852,0.157939137381646,0.499383525480502
"101","2x0",0.659609778006296,0.191910256520985,0.148479965472718
"102","2x1",0.473884920616851,0.309384741256508,0.216730338126642
"103","2x2",0.629816377984543,0.370183622015457,0
"104","2x3",0.719138183082576,0.280861816917424,0
"105","2x4",0.589107751481019,0.410892248518981,0
"106","2x5",0.333422270674768,0.441333598389721,0.225244130935511
"107","2x6",0.363456979962703,0,0.636543020037297
"108","2x7",0.663255374318728,0.336744625681272,0
"109","2x8",0.756747398384889,0.243252601615111,0
"110","2x9",0.601072029636273,0.398927970363727,0
"111","2x10",0.667298114708171,0.332701885291829,0
"112","2x11",0.60281763504925,0.39718236495075,0
"113","2x12",0.783547978381405,0.216452021618595,0
"114","2x13",0,0.183486892293844,0.816513107706156
"115","2x14",0.648889594863326,0.351110405136674,0
"116","2x15",0.720900152134121,0.279099847865879,0
"117","2x16",0.416804168086043,0.157289166782707,0.42590666513125
"118","2x17",0.685918167999509,0.314081832000492,0
"119","2x18",0.382771712689011,0.233761325784435,0.383466961526554
"120","2x19",0.268042091376657,0.486203227279892,0.245754681343452
"121","2x20",0.464031104503348,0.256128751054833,0.279840144441819
"122","2x21",0.34620052811199,0.335576479631905,0.318222992256106
"123","2x22",0.372550437511584,0.395245136814475,0.23220442567394
"124","2x23",0.35345674320783,0.283413884266291,0.36312937252588
"125","2x24",0.525964255153657,0.182875241754563,0.29116050309178
"126","2x25",0.257776090522627,0.378447391816386,0.363776517660987
"127","2x26",0.405496175169182,0.229129626269396,0.365374198561422
"128","2x27",0.430859857853835,0,0.569140142146165
"129","2x28",0.138959683437756,0.160015561414653,0.701024755147591
"130","2x29",0.320975904739716,0.679024095260284,0
"131","2x30",0.167047235443367,0.491686242600916,0.341266521955717
"132","2x31",0.223150855146263,0.160974183171443,0.615874961682294
"133","2x32",0,0.56961187754991,0.43038812245009
"134","2x33",0.208802291689263,0.278398963205921,0.512798745104816
"135","2x34",0.297399348838876,0.330606026703056,0.371994624458068
"136","2x35",0.415740809743865,0.20297094423665,0.381288246019485
"137","2x36",0.151949323045065,0.184127025962969,0.663923650991966
"138","2x37",0.224808799983518,0.513999173285257,0.261192026731225
"139","2x38",0.192358273244676,0.216569589707771,0.591072137047552
"140","2x39",0,0.55754077587369,0.44245922412631
"141","2x40",0.269304043129951,0,0.730695956870049
"142","2x41",0.127660845991704,0.492981246019936,0.379357907988359
"143","2x42",0.16910201149879,0.329002858329614,0.501895130171596
"144","2x43",0.11101664790735,0.192424977807875,0.696558374284775
"145","2x44",0,0.598063112419302,0.401936887580698
"146","2x45",0.200796369928668,0.335150231228807,0.464053398842525
"147","2x46",0.162639552140439,0.127685150934309,0.709675296925252
"148","2x47",0.158844811995067,0.137105355688925,0.704049832316008
"149","2x48",0.104725180463678,0.472115870012485,0.423158949523837
"150","2x49",0.104419228498528,0.431273035354779,0.464307736146693
"151","3x0",0.681866491786619,0.318133508213381,0
"152","3x1",0.629814247691622,0.370185752308378,0
"153","3x2",0.35441249690569,0.64558750309431,0
"154","3x3",0.595875238932612,0.404124761067388,0
"155","3x4",0.721181227105534,0.278818772894466,0
"156","3x5",0.750298850465111,0.249701149534889,0
"157","3x6",0.653897673434899,0.3461023265651,0
"158","3x7",0.702174087584804,0.297825912415196,0
"159","3x8",0.266122002818958,0.146371874650198,0.587506122530845
"160","3x9",0.450436777941531,0.549563222058469,0
"161","3x10",0.672574674905301,0.327425325094699,0
"162","3x11",0.786717608025374,0.213282391974626,0
"163","3x12",0.614467042801711,0.385532957198289,0
"164","3x13",0.59631634515514,0.40368365484486,0
"165","3x14",0.359907106078832,0.196122881929594,0.443970011991575
"166","3x15",0.678359456567282,0.321640543432718,0
"167","3x16",0.555286711235512,0.25762330825077,0.187089980513718
"168","3x17",0.730409350649841,0.269590649350159,0
"169","3x18",0.734911819777772,0.265088180222228,0
"170","3x19",0.569891567069312,0.278891253831598,0.151217179099091
"171","3x20",0.641238603145889,0,0.358761396854111
"172","3x21",0.270183167528311,0.298030935121257,0.431785897350432
"173","3x22",0.523207022852809,0.173045280957041,0.30374769619015
"174","3x23",0.506002275406771,0.240068275051128,0.253929449542101
"175","3x24",0.263582068540228,0.306684832431744,0.429733099028027
"176","3x25",0.148146679935667,0.2384739215978,0.613379398466533
"177","3x26",0.204608705900761,0.32495679769859,0.470434496400649
"178","3x27",0.601094636320289,0,0.398905363679711
"179","3x28",0.151506061760723,0.544474827439483,0.304019110799793
"180","3x29",0.304504093430055,0.221887078041655,0.47360882852829
"181","3x30",0.202210486144793,0.242163437065751,0.555626076789456
"182","3x31",0.184874764987842,0.226187694749466,0.588937540262692
"183","3x32",0.232598503571872,0.384225849979505,0.383175646448623
"184","3x33",0.394710652282344,0,0.605289347717656
"185","3x34",0.139337937902323,0.180813178866423,0.679848883231253
"186","3x35",0,0.342494788140994,0.657505211859006
"187","3x36",0.434783653578063,0,0.565216346421937
"188","3x37",0,0.385097870151427,0.614902129848573
"189","3x38",0.231073444309955,0.277933756432613,0.490992799257432
"190","3x39",0.131117358577041,0.252818498538923,0.616064142884036
"191","3x40",0.163420546723953,0.169408716500255,0.667170736775793
"192","3x41",0,0.392909993478323,0.607090006521677
"193","3x42",0.139922665484357,0.329135220794415,0.530942113721228
"194","3x43",0.177361729629115,0.265421400746377,0.557216869624508
"195","3x44",0.237124572552517,0.388174141198058,0.374701286249425
"196","3x45",0.245875821155569,0.348116960199942,0.406007218644489
"197","3x46",0.325599577687043,0.146225881532305,0.528174540780652
"198","3x47",0.16190036707883,0.451117424872267,0.386982208048904
"199","3x48",0.337897782864057,0.272174328024072,0.389927889111871
"200","3x49",0.179530853815343,0.361160741613215,0.459308404571443
"201","4x0",0.651167822002063,0.348832177997937,0
"202","4x1",0.460324698765005,0.257357490374548,0.282317810860447
"203","4x2",0.430484736428367,0.397539971870846,0.171975291700787
"204","4x3",0.752950812685157,0.247049187314843,0
"205","4x4",0.689250690541912,0.310749309458088,0
"206","4x5",0.728995029933873,0.271004970066127,0
"207","4x6",0.72050581983909,0.27949418016091,0
"208","4x7",0.708731890465041,0.291268109534959,0
"209","4x8",0.714511010518634,0.285488989481366,0
"210","4x9",0.609154909972869,0.390845090027131,0
"211","4x10",0.653645537056461,0.346354462943539,0
"212","4x11",0.658114445080342,0.341885554919658,0
"213","4x12",0.655797051746887,0.344202948253113,0
"214","4x13",0.750175151342263,0.249824848657737,0
"215","4x14",0.599158817080224,0.400841182919776,0
"216","4x15",0.679041802796179,0.320958197203821,0
"217","4x16",0.736879410350216,0.263120589649784,0
"218","4x17",0.758048152986102,0.241951847013898,0
"219","4x18",0.609598140238069,0.390401859761931,0
"220","4x19",0.436960489866174,0.23869351164137,0.324345998492456
"221","4x20",0.510542433659446,0.489457566340554,0
"222","4x21",0.468906160069611,0.223035134406543,0.308058705523847
"223","4x22",0.36045576736852,0.446988448522608,0.192555784108872
"224","4x23",0.220647022488785,0.365851599762608,0.413501377748607
"225","4x24",0.269829445501761,0.390989976407126,0.339180578091113
"226","4x25",0.304006844414529,0.367461655211662,0.328531500373809
"227","4x26",0.192279731828183,0.247343595992034,0.560376672179782
"228","4x27",0.35650338591001,0.211800587888456,0.431696026201534
"229","4x28",0.176245691514744,0.365847228847877,0.457907079637379
"230","4x29",0,0.276030783042599,0.7239692169574
"231","4x30",0.226182237564156,0.204820790841676,0.568996971594168
"232","4x31",0,0.584506933266943,0.415493066733057
"233","4x32",0.187509851758025,0.218597730129805,0.59389241811217
"234","4x33",0.246701345902783,0.266606601220445,0.486692052876772
"235","4x34",0.153170228242895,0.298817660475445,0.54801211128166
"236","4x35",0.250182994222135,0.202265914162494,0.547551091615371
"237","4x36",0.18381462806577,0.183354396802166,0.632830975132064
"238","4x37",0.387860244095333,0,0.612139755904667
"239","4x38",0.195969740731737,0.505035656548363,0.2989946027199
"240","4x39",0.114264142952375,0.487835968413148,0.397899888634477
"241","4x40",0.126580240508765,0.206177104441197,0.667242655050037
"242","4x41",0.233161942715524,0.34320570600776,0.423632351276716
"243","4x42",0.109605220327009,0.306022487487729,0.584372292185262
"244","4x43",0.23391284488036,0.235330579654798,0.530756575464842
"245","4x44",0.130124889348073,0.17695846547921,0.692916645172717
"246","4x45",0.181051972960833,0.364926272470888,0.454021754568278
"247","4x46",0.170824113972479,0.277753233805745,0.551422652221775
"248","4x47",0.16094121613046,0.297661389771516,0.541397394098024
"249","4x48",0,0.391199287954747,0.608800712045253
"250","4x49",0.18467769322711,0.409012173175879,0.406310133597012
"251","5x0",0.389224009159055,0.610775990840945,0
"252","5x1",0.547063374963443,0.20531486821143,0.247621756825127
"253","5x2",0.573887002166522,0.426112997833478,0
"254","5x3",0.74324466868812,0.25675533131188,0
"255","5x4",0.537714238278942,0.462285761721058,0
"256","5x5",0.804431598206813,0.195568401793187,0
"257","5x6",0.699879295350634,0.300120704649366,0
"258","5x7",0.763447435062672,0.236552564937328,0
"259","5x8",0.640636456203034,0.359363543796966,0
"260","5x9",0.798897921490768,0.201102078509232,0
"261","5x10",0.696755193432998,0.303244806567002,0
"262","5x11",0.741225745515417,0.258774254484583,0
"263","5x12",0.738412728363628,0.261587271636372,0
"264","5x13",0.617789498122147,0.382210501877852,0
"265","5x14",0.740811968045535,0.259188031954465,0
"266","5x15",0.735209328082373,0.264790671917627,0
"267","5x16",0.780331171726147,0.219668828273853,0
"268","5x17",0.731411201310491,0.268588798689509,0
"269","5x18",0.301635269592937,0.426005674828696,0.272359055578367
"270","5x19",0.500366790744821,0.2866798417267,0.212953367528479
"271","5x20",0.48127456933086,0.253104195608892,0.265621235060248
"272","5x21",0.421815975202184,0.578184024797816,0
"273","5x22",0.314585246797138,0.258208937090421,0.427205816112442
"274","5x23",0.31898957560316,0.122609898240138,0.558400526156702
"275","5x24",0.180650546949629,0.325064698245387,0.494284754804984
"276","5x25",0.266900063452988,0.167622945098747,0.565476991448265
"277","5x26",0.167279887583497,0.341670645284991,0.491049467131512
"278","5x27",0.171204460314516,0.478360844569753,0.35043469511573
"279","5x28",0.271335512310897,0,0.728664487689103
"280","5x29",0.269280744620721,0,0.730719255379279
"281","5x30",0.256112007014248,0.219041498435148,0.524846494550604
"282","5x31",0.244039685863815,0.163816121099196,0.592144193036989
"283","5x32",0.20079810654843,0.402941331495831,0.39626056195574
"284","5x33",0.44032223187747,0,0.559677768122529
"285","5x34",0,0.246666672686506,0.753333327313494
"286","5x35",0.211408858720278,0,0.788591141279723
"287","5x36",0.14689802663613,0.355758889110211,0.49734308425366
"288","5x37",0.171566378335164,0,0.828433621664835
"289","5x38",0.182602721734509,0.30842052042622,0.50897675783927
"290","5x39",0.169382700246177,0.326470102183771,0.504147197570052
"291","5x40",0.268090754623723,0,0.731909245376277
"292","5x41",0.183556868808697,0.143884872521022,0.672558258670281
"293","5x42",0,0.318560273071453,0.681439726928547
"294","5x43",0,0.2597723516238,0.740227648376199
"295","5x44",0.13239632702663,0.317206804335348,0.550396868638022
"296","5x45",0.156062638305998,0.374849366822639,0.469087994871363
"297","5x46",0.206461716390529,0.373784075565101,0.419754208044371
"298","5x47",0.291412781042424,0.200904416250175,0.507682802707402
"299","5x48",0.168507348808577,0.310309963169072,0.521182688022351
"300","5x49",0.303381256407796,0.409226116121378,0.287392627470827
"301","6x0",0.521444268573497,0.478555731426503,0
"302","6x1",0.516060484377589,0.229747199700901,0.25419231592151
"303","6x2",0.678319732076519,0.321680267923481,0
"304","6x3",0.812430664504094,0.187569335495906,0
"305","6x4",0.799102404977394,0.200897595022606,0
"306","6x5",0.814574101283775,0.185425898716225,0
"307","6x6",0.535434489100968,0.164831458957177,0.299734051941855
"308","6x7",0.191347606432147,0.263549314142128,0.545103079425725
"309","6x8",0.614700500928305,0.385299499071695,0
"310","6x9",0.602922391531759,0.397077608468242,0
"311","6x10",0.735010794042286,0.264989205957714,0
"312","6x11",0.803923502426655,0.196076497573345,0
"313","6x12",0.759814001826345,0.240185998173655,0
"314","6x13",0.695441723147097,0.304558276852903,0
"315","6x14",0.372649987377628,0,0.627350012622372
"316","6x15",0.700021364821965,0.299978635178035,0
"317","6x16",0.836089163348472,0.163910836651528,0
"318","6x17",0.691180421809144,0.308819578190856,0
"319","6x18",0.256836146425028,0.307694106100608,0.435469747474364
"320","6x19",0.733221324623655,0.266778675376345,0
"321","6x20",0.389241897093607,0.610758102906393,0
"322","6x21",0.556110230281035,0.184042566400098,0.259847203318868
"323","6x22",0.449664659462731,0.234583145808447,0.315752194728821
"324","6x23",0.375912341323477,0,0.624087658676523
"325","6x24",0.446475706508746,0.268882805376767,0.284641488114487
"326","6x25",0.26551759338958,0.26330972227415,0.47117268433627
"327","6x26",0.225840004414608,0.226486834123358,0.547673161462034
"328","6x27",0.134718087993486,0.280295968476676,0.584985943529838
"329","6x28",0.221122127439729,0.295318406888266,0.483559465672005
"330","6x29",0.267747353678676,0.326083402062418,0.406169244258907
"331","6x30",0.288930510573602,0.161707436960181,0.549362052466217
"332","6x31",0.278138621030857,0.163589115832976,0.558272263136167
"333","6x32",0,0.230724177550715,0.769275822449285
"334","6x33",0.111392420190521,0.308110005967925,0.580497573841554
"335","6x34",0.158863891365691,0.233533786796131,0.607602321838178
"336","6x35",0.282681620905367,0.254931443089752,0.46238693600488
"337","6x36",0.208965980350708,0.140538843172379,0.650495176476912
"338","6x37",0.182664711437144,0.387182726157604,0.430152562405252
"339","6x38",0.262195355137245,0.243693396791808,0.494111248070948
"340","6x39",0.424817273465258,0.172272379782522,0.40291034675222
"341","6x40",0.240022164496878,0,0.759977835503122
"342","6x41",0,0.347977344160442,0.652022655839558
"343","6x42",0.171515263106202,0.263260701238801,0.565224035654997
"344","6x43",0,0.468595337449598,0.531404662550402
"345","6x44",0.223996533313213,0.349233048631992,0.426770418054795
"346","6x45",0.12682569936804,0.327699603396559,0.545474697235401
"347","6x46",0,0.35644154118502,0.643558458814981
"348","6x47",0.142012484643207,0.3259566050061,0.532030910350693
"349","6x48",0.219435948275216,0.32327509258849,0.457288959136295
"350","6x49",0.25417638077533,0.223811594839141,0.522012024385529
"351","7x0",0.663917530606838,0.336082469393162,0
"352","7x1",0.539858772949892,0.460141227050108,0
"353","7x2",0.786705845581885,0.213294154418115,0
"354","7x3",0.241395336893819,0,0.758604663106181
"355","7x4",0.307544268472794,0,0.692455731527206
"356","7x5",0.813318851704545,0.186681148295455,0
"357","7x6",0.709691031816104,0.290308968183896,0
"358","7x7",0.547444968128371,0.452555031871629,0
"359","7x8",0.688132903041976,0.311867096958024,0
"360","7x9",0.587444391687049,0.412555608312951,0
"361","7x10",0.729812213275508,0.270187786724492,0
"362","7x11",0.551303818245473,0.448696181754527,0
"363","7x12",0.219311499724463,0.103460368322234,0.677228131953303
"364","7x13",0.746699253989133,0.253300746010867,0
"365","7x14",0.793162916994489,0.206837083005511,0
"366","7x15",0.782916756908543,0.217083243091457,0
"367","7x16",0.605748372539433,0.394251627460567,0
"368","7x17",0.663536313537019,0.336463686462981,0
"369","7x18",0.657601378526935,0.342398621473065,0
"370","7x19",0.383381481442258,0.27775116895126,0.338867349606482
"371","7x20",0.384990232049085,0.615009767950915,0
"372","7x21",0.453791107369887,0.385395980402485,0.160812912227628
"373","7x22",0.54912717019161,0,0.45087282980839
"374","7x23",0.246206613915811,0.355514036262625,0.398279349821563
"375","7x24",0.555939215884168,0.138054455364471,0.306006328751362
"376","7x25",0.227507533063072,0.180899996406003,0.591592470530925
"377","7x26",0.269515983210367,0,0.730484016789633
"378","7x27",0.142289982939215,0.242495801029776,0.615214216031009
"379","7x28",0.152391501608162,0,0.847608498391838
"380","7x29",0,0.340084717015628,0.659915282984372
"381","7x30",0.176389386163811,0.218347620421329,0.605262993414859
"382","7x31",0.202138638694792,0.254472728895271,0.543388632409937
"383","7x32",0.129352073158051,0.104080557450472,0.766567369391477
"384","7x33",0,0.28364893286846,0.71635106713154
"385","7x34",0,0.345452582504881,0.654547417495119
"386","7x35",0.293631026768009,0,0.706368973231991
"387","7x36",0.127226032900997,0.272367567828572,0.600406399270431
"388","7x37",0,0.159847214246783,0.840152785753217
"389","7x38",0.160889125249277,0,0.839110874750723
"390","7x39",0.419172565990894,0,0.580827434009106
"391","7x40",0.104585178471233,0.425209691981902,0.470205129546865
"392","7x41",0.231090519612757,0.249186919979115,0.519722560408128
"393","7x42",0.206131793681993,0.138865123918069,0.655003082399939
"394","7x43",0.218797598782179,0.378720458464759,0.402481942753061
"395","7x44",0.188490858470934,0.279309048025949,0.532200093503117
"396","7x45",0.216787399843762,0.230885206673054,0.552327393483185
"397","7x46",0,0.131069776981821,0.868930223018179
"398","7x47",0.132475252089373,0.321256663907155,0.546268084003472
"399","7x48",0.101752795767875,0.461337619270064,0.436909584962061
"400","7x49",0.305054208687598,0.450695245308374,0.244250546004027
"401","8x0",0.807174554674215,0.192825445325785,0
"402","8x1",0.733589268913133,0.266410731086867,0
"403","8x2",0.823154788244764,0.176845211755236,0
"404","8x3",0.575772214190027,0.424227785809973,0
"405","8x4",0.746657985658003,0.253342014341997,0
"406","8x5",0.65189259383396,0.34810740616604,0
"407","8x6",0.73505199902257,0.26494800097743,0
"408","8x7",0.732592980123937,0.267407019876063,0
"409","8x8",0.682644468203149,0.317355531796851,0
"410","8x9",0.608004566918261,0.391995433081739,0
"411","8x10",0.609446195083968,0.390553804916032,0
"412","8x11",0.739812991513463,0.260187008486537,0
"413","8x12",0.690147565593297,0.309852434406703,0
"414","8x13",0.831354820252123,0.168645179747877,0
"415","8x14",0.771113087159958,0.228886912840042,0
"416","8x15",0.682458738279984,0.317541261720016,0
"417","8x16",0.450546345575286,0.116562494848609,0.432891159576104
"418","8x17",0.850380491423981,0.149619508576019,0
"419","8x18",0.634230171001583,0.365769828998417,0
"420","8x19",0.427136097626452,0.236297520075621,0.336566382297927
"421","8x20",0.442139115801299,0.431506850396366,0.126354033802335
"422","8x21",0.303082213029664,0.178423996100887,0.518493790869449
"423","8x22",0.376838056441155,0.163762298103785,0.45939964545506
"424","8x23",0.243534900261799,0.319890562097163,0.436574537641039
"425","8x24",0.40783944712641,0.265019647324361,0.327140905549228
"426","8x25",0.183539498753954,0.304414213131065,0.512046288114981
"427","8x26",0.145252960336301,0.164980217954802,0.689766821708897
"428","8x27",0.296035871085134,0.223539616971782,0.480424511943084
"429","8x28",0,0.34196855822324,0.65803144177676
"430","8x29",0.147372423052978,0,0.852627576947022
"431","8x30",0.137806629512816,0.335716375700617,0.526476994786566
"432","8x31",0,0.230417344454126,0.769582655545873
"433","8x32",0,0.165795641452416,0.834204358547584
"434","8x33",0.12947804657195,0.14106330866315,0.7294586447649
"435","8x34",0.12530087064769,0,0.87469912935231
"436","8x35",0.203542615390822,0.241899918294,0.554557466315177
"437","8x36",0.498806423929102,0,0.501193576070898
"438","8x37",0.292167200172751,0,0.707832799827249
"439","8x38",0.231086939822629,0.128220717414678,0.640692342762693
"440","8x39",0.168365070517695,0.271998921934461,0.559636007547843
"441","8x40",0.275863418467718,0,0.724136581532282
"442","8x41",0,0.526707805752252,0.473292194247748
"443","8x42",0.144255235161308,0.139255903373924,0.716488861464768
"444","8x43",0.250100814230075,0.310561180910391,0.439338004859534
"445","8x44",0,0.236183406615307,0.763816593384693
"446","8x45",0,0.413003447963946,0.586996552036054
"447","8x46",0.1841713160948,0,0.8158286839052
"448","8x47",0.247427945252177,0.352946751637811,0.399625303110012
"449","8x48",0.234640971316047,0.259730772245544,0.50562825643841
"450","8x49",0,0.475917118089987,0.524082881910013
"451","9x0",0.766592448816712,0.233407551183288,0
"452","9x1",0.740067244279113,0.259932755720887,0
"453","9x2",0.704977547852205,0.295022452147795,0
"454","9x3",0.558674706008618,0.441325293991382,0
"455","9x4",0.645961528491077,0.354038471508923,0
"456","9x5",0.792004118395477,0.207995881604523,0
"457","9x6",0.542650174258311,0.457349825741689,0
"458","9x7",0.70891065508189,0.29108934491811,0
"459","9x8",0.662465703996381,0.337534296003619,0
"460","9x9",0.722755086784121,0.277244913215879,0
"461","9x10",0.70881438209597,0.29118561790403,0
"462","9x11",0.63539719199634,0.36460280800366,0
"463","9x12",0.663638426621547,0.336361573378453,0
"464","9x13",0,0.131034174914274,0.868965825085726
"465","9x14",0.659799765539513,0.340200234460487,0
"466","9x15",0.73376390272456,0.26623609727544,0
"467","9x16",0.651371819275522,0,0.348628180724478
"468","9x17",0.672687888047229,0.327312111952771,0
"469","9x18",0.68539904531003,0.31460095468997,0
"470","9x19",0.468451862739127,0.531548137260873,0
"471","9x20",0.646676623802613,0.166632482850948,0.186690893346438
"472","9x21",0.374753923236759,0.298474651085522,0.326771425677719
"473","9x22",0.553153477224968,0.190058855037732,0.256787667737301
"474","9x23",0.57122775626475,0,0.428772243735251
"475","9x24",0.177424243154121,0.185985339960778,0.6365904168851
"476","9x25",0.336004454592319,0,0.663995545407681
"477","9x26",0.267423012178464,0.211905254658962,0.520671733162574
"478","9x27",0.472052721777905,0,0.527947278222095
"479","9x28",0.178097178601871,0,0.82190282139813
"480","9x29",0.352079037953704,0,0.647920962046296
"481","9x30",0.128093142702327,0.350016274090848,0.521890583206825
"482","9x31",0,0.257996189277833,0.742003810722167
"483","9x32",0,0.238248547134256,0.761751452865744
"484","9x33",0.149751543743817,0.114295556733373,0.73595289952281
"485","9x34",0.137538302745536,0,0.862461697254463
"486","9x35",0.190420951735045,0,0.809579048264955
"487","9x36",0,0.350977576574135,0.649022423425865
"488","9x37",0,0.418846216815465,0.581153783184535
"489","9x38",0,0.10368698464902,0.89631301535098
"490","9x39",0.148574573033657,0,0.851425426966343
"491","9x40",0.192742718402483,0.18836410956191,0.618893172035607
"492","9x41",0.108804701428826,0.262962627286025,0.628232671285149
"493","9x42",0,0.208089409365546,0.791910590634454
"494","9x43",0.117156553828761,0.405732124790184,0.477111321381055
"495","9x44",0.121146600694491,0.262382316376499,0.61647108292901
"496","9x45",0.100782677095725,0.219463663345231,0.679753659559045
"497","9x46",0.149386022659376,0.360267705528835,0.490346271811789
"498","9x47",0,0.282396036815683,0.717603963184318
"499","9x48",0.104698051913833,0.269871912779211,0.625430035306956
"500","9x49",0.120389442430524,0.221055251505776,0.658555306063699
"501","10x0",0.710868754047098,0.289131245952902,0
"502","10x1",0.550353470073775,0.449646529926225,0
"503","10x2",0.56085523750611,0.43914476249389,0
"504","10x3",0.640679253093223,0.359320746906777,0
"505","10x4",0.713049469316025,0.286950530683975,0
"506","10x5",0.669627999062672,0.330372000937328,0
"507","10x6",0.65838109534008,0.34161890465992,0
"508","10x7",0.658092173107202,0.341907826892798,0
"509","10x8",0.612417709217055,0.387582290782945,0
"510","10x9",0.740220749339093,0.259779250660907,0
"511","10x10",0.615462929868493,0.384537070131507,0
"512","10x11",0.625533733807469,0.374466266192531,0
"513","10x12",0.724094693110356,0.275905306889644,0
"514","10x13",0.748274330143833,0.251725669856167,0
"515","10x14",0.710294077029159,0.289705922970841,0
"516","10x15",0.679773860400887,0.320226139599113,0
"517","10x16",0.791822746741182,0.208177253258818,0
"518","10x17",0.608889602060411,0.391110397939589,0
"519","10x18",0.720495149862587,0.279504850137413,0
"520","10x19",0.746748162929564,0.253251837070436,0
"521","10x20",0.432288267023437,0.567711732976563,0
"522","10x21",0.443089070698129,0.182482432386961,0.37442849691491
"523","10x22",0.340634452922399,0.162667619548937,0.496697927528663
"524","10x23",0.190181869308819,0.27288450638624,0.536933624304942
"525","10x24",0.201273436197972,0.139274687134916,0.659451876667112
"526","10x25",0.22501087578778,0,0.774989124212221
"527","10x26",0.211729914360102,0,0.788270085639898
"528","10x27",0.223880707638638,0,0.776119292361362
"529","10x28",0,0.152183661291403,0.847816338708597
"530","10x29",0.177817784325957,0,0.822182215674043
"531","10x30",0,0,1
"532","10x31",0.137038343458196,0.130267816548522,0.732693839993282
"533","10x32",0.120180929851082,0,0.879819070148918
"534","10x33",0.377496730646878,0.210380252577478,0.412123016775644
"535","10x34",0.120812767381429,0,0.879187232618571
"536","10x35",0,0,1
"537","10x36",0.160421527698919,0.142893360978049,0.696685111323032
"538","10x37",0.106853206388079,0.273441699128624,0.619705094483297
"539","10x38",0.214391034301204,0,0.785608965698796
"540","10x39",0,0.263035735464772,0.736964264535228
"541","10x40",0.101354088083463,0.243164243907055,0.655481668009482
"542","10x41",0.267202268940055,0,0.732797731059945
"543","10x42",0.116785182751564,0.330305346985506,0.55290947026293
"544","10x43",0.148599010029176,0.351624138439657,0.499776851531167
"545","10x44",0.233501041448162,0.289372129868981,0.477126828682857
"546","10x45",0,0.347005520432145,0.652994479567856
"547","10x46",0.27210130363199,0.208084896086434,0.519813800281576
"548","10x47",0.145146765285955,0.246763734848752,0.608089499865293
"549","10x48",0,0.387519631878778,0.612480368121222
"550","10x49",0.132103490748972,0.384909295007869,0.482987214243159
"551","11x0",0.426021489750244,0.370426733325495,0.203551776924261
"552","11x1",0.447746521977343,0.337125057685103,0.215128420337555
"553","11x2",0.577631238327615,0.422368761672385,0
"554","11x3",0.672569343940079,0.327430656059921,0
"555","11x4",0.783758667142678,0.216241332857322,0
"556","11x5",0.712884973428101,0.287115026571899,0
"557","11x6",0.761836261178852,0.238163738821148,0
"558","11x7",0.6196521293951,0.3803478706049,0
"559","11x8",0.632528659456413,0.367471340543587,0
"560","11x9",0.736482025840261,0.263517974159739,0
"561","11x10",0.732734750689692,0.267265249310308,0
"562","11x11",0.759378200116673,0.240621799883327,0
"563","11x12",0.642378778279699,0.357621221720301,0
"564","11x13",0.741561177188495,0.258438822811505,0
"565","11x14",0.704280731367622,0.295719268632378,0
"566","11x15",0.749479162477261,0.250520837522739,0
"567","11x16",0.829121327558081,0.170878672441919,0
"568","11x17",0.640825330094782,0.359174669905218,0
"569","11x18",0.731214425886634,0.268785574113366,0
"570","11x19",0.606353450782656,0.157879852136643,0.235766697080701
"571","11x20",0.35991096880234,0.182206092948073,0.457882938249587
"572","11x21",0.523265761094867,0.233706643777995,0.243027595127138
"573","11x22",0.442724454742199,0.282420674849354,0.274854870408447
"574","11x23",0.330239865144142,0.140131147002598,0.52962898785326
"575","11x24",0.239180749849068,0,0.760819250150932
"576","11x25",0.120649617095279,0.316289037209556,0.563061345695165
"577","11x26",0.134294338261181,0,0.865705661738819
"578","11x27",0,0.195010508842815,0.804989491157185
"579","11x28",0.289749224368339,0,0.710250775631661
"580","11x29",0.2749924348726,0,0.7250075651274
"581","11x30",0,0.290939665177341,0.709060334822659
"582","11x31",0.231912605579454,0,0.768087394420546
"583","11x32",0.300014078155843,0,0.699985921844157
"584","11x33",0.166685737911176,0,0.833314262088824
"585","11x34",0,0,1
"586","11x35",0,0.198358103988068,0.801641896011932
"587","11x36",0,0,1
"588","11x37",0.103052422517182,0.181801406338798,0.71514617114402
"589","11x38",0,0.364661173049526,0.635338826950474
"590","11x39",0.155510288368218,0.245213729652844,0.599275981978939
"591","11x40",0.140324598073863,0,0.859675401926137
"592","11x41",0.220092657114229,0.211437549461901,0.56846979342387
"593","11x42",0.221426705708407,0,0.778573294291593
"594","11x43",0.173833988226832,0.276112011298584,0.550054000474584
"595","11x44",0.122298256243998,0.251764057360487,0.625937686395515
"596","11x45",0.160622522819588,0.207776474951466,0.631601002228946
"597","11x46",0,0.481644937647383,0.518355062352617
"598","11x47",0.145312433805876,0.264384355840418,0.590303210353706
"599","11x48",0.10580841383861,0.392473482370353,0.501718103791037
"600","11x49",0,0.513866367571163,0.486133632428837
"601","12x0",0.575012893526567,0.241220139017029,0.183766967456404
"602","12x1",0.617155550603468,0.382844449396532,0
"603","12x2",0.763621155322012,0.236378844677988,0
"604","12x3",0.728150613971335,0.271849386028665,0
"605","12x4",0.828555363365832,0.171444636634168,0
"606","12x5",0.692445708369996,0.307554291630004,0
"607","12x6",0.510790550095956,0.489209449904044,0
"608","12x7",0.24269572458641,0,0.75730427541359
"609","12x8",0.642802087297276,0.357197912702724,0
"610","12x9",0.829615272190656,0.170384727809344,0
"611","12x10",0.77856780112096,0.22143219887904,0
"612","12x11",0.596302684144438,0.403697315855562,0
"613","12x12",0.650888758572344,0.349111241427656,0
"614","12x13",0.789325480307059,0.210674519692941,0
"615","12x14",0.729795181413651,0.27020481858635,0
"616","12x15",0.865912152579928,0.134087847420072,0
"617","12x16",0.760671806895075,0.239328193104925,0
"618","12x17",0.714372290217496,0.285627709782504,0
"619","12x18",0.674993513542269,0.325006486457731,0
"620","12x19",0.74442992532362,0.25557007467638,0
"621","12x20",0.468401966845758,0.278375201358823,0.253222831795419
"622","12x21",0.285256258994361,0.397005301872749,0.317738439132891
"623","12x22",0.298741256436456,0.356743153373356,0.344515590190188
"624","12x23",0.465180638711358,0,0.534819361288642
"625","12x24",0.198260532992049,0,0.801739467007951
"626","12x25",0,0,1
"627","12x26",0.292267178564245,0,0.707732821435755
"628","12x27",0.284875309569339,0,0.715124690430661
"629","12x28",0,0.114517154039581,0.885482845960419
"630","12x29",0.160294691081883,0,0.839705308918117
"631","12x30",0,0,1
"632","12x31",0,0,1
"633","12x32",0.122892064733179,0,0.877107935266821
"634","12x33",0.238830222489263,0,0.761169777510737
"635","12x34",0,0.27745485979268,0.72254514020732
"636","12x35",0,0.391099269669041,0.608900730330959
"637","12x36",0.11381799940557,0.11715700906897,0.76902499152546
"638","12x37",0.254128824226912,0,0.745871175773088
"639","12x38",0,0.277811053640052,0.722188946359948
"640","12x39",0,0,1
"641","12x40",0,0.478879215971797,0.521120784028203
"642","12x41",0.177847795283382,0,0.822152204716618
"643","12x42",0,0.3454360846845,0.6545639153155
"644","12x43",0.141159025558131,0.419469402899839,0.439371571542029
"645","12x44",0.15499969174086,0.295500621635993,0.549499686623147
"646","12x45",0.104151747806839,0.379952435695171,0.51589581649799
"647","12x46",0,0.653308942614171,0.346691057385829
"648","12x47",0.133322829065814,0.319636786566184,0.547040384368003
"649","12x48",0.193718029808624,0.280411603674766,0.52587036651661
"650","12x49",0.16833518161123,0.343941698783945,0.487723119604825
"651","13x0",0.622452567956609,0.377547432043391,0
"652","13x1",0.723993518574193,0.276006481425807,0
"653","13x2",0.532512715679769,0.467487284320231,0
"654","13x3",0.752088610652058,0.247911389347943,0
"655","13x4",0.560187889508992,0.439812110491008,0
"656","13x5",0.757657458837877,0.242342541162123,0
"657","13x6",0.69018074052968,0.30981925947032,0
"658","13x7",0.813378872296695,0.186621127703305,0
"659","13x8",0.677066161360824,0.322933838639176,0
"660","13x9",0.717125390491401,0.282874609508599,0
"661","13x10",0.750320780449466,0.249679219550534,0
"662","13x11",0.644538225417514,0.355461774582486,0
"663","13x12",0.745004052342871,0.254995947657129,0
"664","13x13",0.818511457122851,0.181488542877149,0
"665","13x14",0.766338237623482,0.233661762376518,0
"666","13x15",0.61203131544064,0.38796868455936,0
"667","13x16",0.610007066758658,0.389992933241342,0
"668","13x17",0.754846022626805,0.245153977373195,0
"669","13x18",0.588395133842027,0.411604866157973,0
"670","13x19",0.576793324951449,0.165210793185199,0.257995881863353
"671","13x20",0.5036022637317,0.17965982111749,0.31673791515081
"672","13x21",0.397086384811876,0.142257677718516,0.460655937469607
"673","13x22",0.236221260587837,0.142521480421678,0.621257258990485
"674","13x23",0.265632642021026,0.11256774383121,0.621799614147764
"675","13x24",0.147202517877503,0.170645352179456,0.682152129943042
"676","13x25",0.145920454686355,0.225122596015743,0.628956949297903
"677","13x26",0,0,1
"678","13x27",0,0,1
"679","13x28",0,0,1
"680","13x29",0,0,1
"681","13x30",0,0,1
"682","13x31",0,0,1
"683","13x32",0,0,1
"684","13x33",0,0,1
"685","13x34",0,0,1
"686","13x35",0.157961444705839,0,0.842038555294162
"687","13x36",0,0.365343179982956,0.634656820017044
"688","13x37",0,0,1
"689","13x38",0,0.188645348607106,0.811354651392894
"690","13x39",0.18829856859353,0.23264979207133,0.57905163933514
"691","13x40",0,0.441277296898237,0.558722703101764
"692","13x41",0,0.29325797066407,0.70674202933593
"693","13x42",0.15086341806879,0.348134835932823,0.501001745998387
"694","13x43",0.279036143458416,0.126202685333276,0.594761171208308
"695","13x44",0.214551508166705,0.354735203632638,0.430713288200657
"696","13x45",0.307481973970003,0,0.692518026029997
"697","13x46",0.284876690682561,0,0.715123309317439
"698","13x47",0.129922439169751,0.289569538702432,0.580508022127817
"699","13x48",0,0.637243953333655,0.362756046666345
"700","13x49",0.254745879958449,0,0.745254120041551
"701","14x0",0.629778637083746,0.370221362916254,0
"702","14x1",0.623165768818152,0.376834231181848,0
