"","mDCs","Macrophages","Mast","Monocytes"
"0x0",0.439227725084922,0,0.494776781668348,0.0659954932467303
"0x1",0.53428189422742,0.0154858119709206,0.360672560885991,0.0895597329156685
"0x2",0.335603364500897,0.0365036822658778,0.581686553402628,0.0462063998305968
"0x3",0.458414038647111,0.0475311075126832,0.394333984327278,0.0997208695129271
"0x4",0.334715984367328,0.0293751353388867,0.537000322004741,0.0989085582890439
"0x5",0.349738316848934,0,0.532417200459125,0.117844482691941
"0x6",0.410715726575934,0.0519803645109095,0.440372621511271,0.0969312874018861
"0x7",0.329367789856518,0,0.586506101830904,0.0841261083125785
"0x8",0.333090823510645,0.029036533062799,0.540401846661822,0.0974707967647342
"0x9",0.35860406816819,0.00269755515284684,0.528473722967755,0.110224653711208
"0x10",0.400795262403464,0.0229480718688242,0.483732774072226,0.0925238916554851
"0x11",0.310335536759577,0.0752066987437812,0.493368578492881,0.121089186003761
"0x12",0.417706761274974,0.0110848606230483,0.470660217771057,0.10054816033092
"0x13",0.321299572451512,0.0730608980663067,0.521750122877186,0.083889406604995
"0x14",0.448567022158181,0,0.462353539117076,0.0890794387247424
"0x15",0.337263157679428,0,0.530215807826195,0.132521034494377
"0x16",0.43640336075516,0.0569381755763512,0.409376968240863,0.0972814954276255
"0x17",0.458940825811948,0.0330467199924338,0.429562838748878,0.0784496154467408
"0x18",0.368142288229952,0.0607591707989036,0.469906232727341,0.101192308243803
"0x19",0.207702694681722,0.0669429848530309,0.670852010591404,0.0545023098738434
"0x20",0.35017156777523,0,0.522365047589223,0.127463384635547
"0x21",0.373770744824632,0.0396308451323901,0.500431443681494,0.0861669663614838
"0x22",0.215364175118396,0.0703837161101427,0.609012214425281,0.105239894346181
"0x23",0.414781937542674,0.0981233739428858,0.384448426011492,0.102646262502948
"0x24",0.470157093827085,0.0293981408828597,0.422332417818131,0.0781123474719238
"0x25",0.256273467542539,0.117073372777593,0.506671966496713,0.119981193183154
"0x26",0.453289756027136,0.00108016001920901,0.417096300207504,0.128533783746151
"0x27",0.449068112789957,0.0770206536897079,0.40140567825269,0.0725055552676455
"0x28",0.419567566061556,0.0461865420616502,0.423751244757482,0.110494647119312
"0x29",0.500177675191102,0.00506874735080792,0.380507975981151,0.114245601476939
"0x30",0.258572464269096,0.167960198891199,0.491150639988475,0.0823166968512301
"0x31",0.392062920818801,0.0509680611210667,0.485466496922883,0.0715025211372485
"0x32",0.355835163416296,0.087903135001702,0.450656007375458,0.105605694206544
"0x33",0.356177964378119,0.0545090554466283,0.509667409288967,0.0796455708862852
"0x34",0.329196081994387,0.0600626801228316,0.527650179426154,0.0830910584566279
"0x35",0.490864875502069,0.0320985949956308,0.367928753622002,0.109107775880298
"0x36",0.263299684757603,0.0823441398293635,0.54990175497057,0.104454420442463
"0x37",0.305805896658489,0.122696968760324,0.488384615498705,0.0831125190824819
"0x38",0.251099979414974,0.156785722141348,0.459943369172836,0.132170929270842
"0x39",0.472955065723933,0.00300934260304393,0.422865698919381,0.101169892753643
"0x40",0.442445957474395,0.0913793193433551,0.400867059490667,0.0653076636915827
"0x41",0.381030243307816,0.0653362295365113,0.38575786256138,0.167875664594293
"0x42",0.326878143519664,0.0695693275354413,0.484790329992922,0.118762198951973
"0x43",0.293190360648518,0.0961785971086143,0.48906979018144,0.121561252061427
"0x44",0.420640114610639,0.0661567478022069,0.393891979873642,0.119311157713512
"0x45",0.294663587107074,0.140193011661284,0.506342697365684,0.058800703865958
"0x46",0.364732207283172,0.0885942825129222,0.451988344602303,0.094685165601603
"0x47",0.399634553714442,0.00383846478149908,0.478278551240404,0.118248430263655
"0x48",0.331019370679842,0.0908860197411113,0.45305520772017,0.125039401858878
"0x49",0.401345047208365,0.111142633222599,0.412115752576967,0.0753965669920692
"1x0",0.399731482685526,0.0604964171307409,0.455942226395342,0.0838298737883913
"1x1",0.32421595448475,0.0635205846387761,0.539755188821858,0.0725082720546152
"1x2",0.430924556385767,0.0695134724771383,0.459755584752872,0.0398063863842231
"1x3",0.359954945340827,0.094874732239584,0.444748068255818,0.100422254163772
"1x4",0.362520438191983,0.0697055344319876,0.422568788188316,0.145205239187714
"1x5",0.52291436900476,0.00929699498575923,0.385760917995905,0.0820277180135766
"1x6",0.409843619720057,0,0.504969009043966,0.0851873712359761
"1x7",0.409848141615763,0,0.46555431669049,0.124597541693747
"1x8",0.367253736658697,0.0367669239240083,0.508752600575816,0.0872267388414785
"1x9",0.302230059484384,0.0779397922835517,0.558474249235056,0.0613558989970082
"1x10",0.519093410595846,0.0883155361613963,0.304338639587346,0.0882524136554111
"1x11",0.363660293028312,0.0183176240593642,0.534113158902367,0.0839089240099567
"1x12",0.321464472035412,0,0.551320385199167,0.127215142765421
"1x13",0.263287992808778,0.0304603091263946,0.568981446802371,0.137270251262456
"1x14",0.385158252001377,0,0.513297248320612,0.101544499678012
"1x15",0.369220365279588,0.08386960310934,0.458757046825322,0.0881529847857503
"1x16",0.24581117755086,0.0470231768995132,0.563958480420942,0.143207165128685
"1x17",0.309936094019964,0.0698582053025199,0.54684517345441,0.0733605272231068
"1x18",0.175414371891009,0.121971205703258,0.637129634042635,0.0654847883630987
"1x19",0.400872288400826,0.0393582548356771,0.452884250094626,0.106885206668871
"1x20",0.506098683061238,0.0120665714033531,0.388395923579632,0.0934388219557767
"1x21",0.467096821903368,0.0152764289305697,0.386998119052878,0.130628630113185
"1x22",0.351494448031133,0.0430660783270142,0.513611188640837,0.0918282850010158
"1x23",0.400669736900226,0.0447148671331452,0.452860238537019,0.10175515742961
"1x24",0.338695594830629,0.0638232916921642,0.514753480939631,0.0827276325375753
"1x25",0.30165576836792,0.0742569031169361,0.567570565212755,0.0565167633023895
"1x26",0.14052216578089,0.0845185430253105,0.559175750113889,0.21578354107991
"1x27",0.384978894774482,0.0235286491862971,0.443111543026299,0.148380913012921
"1x28",0.435010171660642,0.0765432232349357,0.410893965701266,0.0775526394031565
"1x29",0.371154994805023,0.0990321583066517,0.38608115900299,0.143731687885335
"1x30",0.38130918548732,0.200668228853451,0.378878737236955,0.0391438484222745
"1x31",0.307433306726853,0.0450798110475348,0.480984159592407,0.166502722633206
"1x32",0.396500446568335,0.0932391974988821,0.428370924965469,0.0818894309673136
"1x33",0.452246875933219,0.0322075605152602,0.436248380503958,0.0792971830475627
"1x34",0.413326142553461,0.0359782394534725,0.439771343158955,0.110924274834111
"1x35",0.442329115651611,0.0921780881259485,0.423515211800149,0.0419775844222921
"1x36",0.403235620737315,0.121289932880732,0.417589379669927,0.0578850667120267
"1x37",0.397252245835008,0.0862998086645706,0.371627875852046,0.144820069648376
"1x38",0.396852365808153,0.061537380216875,0.452863904088117,0.0887463498868556
"1x39",0.324753475326689,0.0952695130552498,0.433201935236241,0.14677507638182
"1x40",0.470144688895223,0.053264858387114,0.419921611119324,0.0566688415983386
"1x41",0.532688138314581,0.110430523355909,0.305953088664617,0.0509282496648925
"1x42",0.503503328949128,0.00435032335479398,0.390120004286588,0.102026343409489
"1x43",0.422115456830525,0.0483986812914606,0.393561520788697,0.135924341089317
"1x44",0.488242042958273,0.0505957056397887,0.395297816398676,0.0658644350032621
"1x45",0.488191909568917,0.0662060472452753,0.310033007495702,0.135569035690107
"1x46",0.38595933664763,0.0781601543876481,0.386035290408522,0.1498452185562
"1x47",0.383736423916445,0.174225821221094,0.365910726418434,0.0761270284440267
"1x48",0.37032752557864,0.0878061642642138,0.483735861040619,0.0581304491165264
"1x49",0.391641098995176,0.059539046301019,0.435255299628843,0.113564555074963
"2x0",0.275306422171051,0.0621954350372984,0.592331895429809,0.0701662473618419
"2x1",0.398167158740844,0.0500182306401438,0.50402909190169,0.0477855187173218
"2x2",0.372428064784671,0.105125860107445,0.494157797583209,0.028288277524675
"2x3",0.337782082424746,0.0512309866936875,0.539211263104814,0.0717756677767527
"2x4",0.359223623366094,0.0354152924097652,0.479617130836324,0.125743953387818
"2x5",0.301737892131592,0.0620992773929609,0.574583850341687,0.0615789801337602
"2x6",0.520169797915205,0.0345624086673108,0.331620406891806,0.113647386525679
"2x7",0.414027083528006,0.0272164828946371,0.496351252335109,0.062405181242248
"2x8",0.425681404861207,0,0.506433938634664,0.0678846565041293
"2x9",0.460279861366476,0.000926237692616423,0.45872708459609,0.0800668163448176
"2x10",0.362614804236761,0.0281990687663137,0.475918871430808,0.133267255566117
"2x11",0.323675889125166,0,0.546846404638697,0.129477706236137
"2x12",0.390106889945169,0.014357270624918,0.491732328674731,0.103803510755182
"2x13",0.441524920674447,0.0890693874310112,0.304624435622521,0.164781256272021
"2x14",0.374864955400019,0.0198429024450366,0.491075206600013,0.114216935554931
"2x15",0.433290350246341,0,0.496737517703258,0.0699721320504016
"2x16",0.297520239283565,0.0562838362706799,0.551841484663924,0.0943544397818317
"2x17",0.313212499228516,0.0251571513930927,0.620760483790021,0.0408698655883701
"2x18",0.321725499871056,0.0890614779304036,0.505795697327574,0.0834173248709666
"2x19",0.371409834063523,0.0295745139252315,0.483163798680522,0.115851853330724
"2x20",0.269037863771174,0.0428275960963913,0.606415533570281,0.0817190065621532
"2x21",0.360648910215566,0.084207133780604,0.467109902029565,0.0880340539742649
"2x22",0.32507279990065,0.0869205960367101,0.518152515196415,0.0698540888662249
"2x23",0.359369301630665,0.0622400604526097,0.470838773105269,0.107551864811457
"2x24",0.44127868352132,0.0100691268459547,0.453947492034199,0.0947046975985261
"2x25",0.426585431110685,0.0704281763403234,0.459354884365998,0.043631508182994
"2x26",0.456437023799968,0.0302916481665618,0.417929119070996,0.0953422089624733
"2x27",0.30682558081824,0.122167744384225,0.496845442981113,0.0741612318164207
"2x28",0.254260946805448,0.111366411344389,0.533026128101899,0.101346513748264
"2x29",0.392526960262087,0.0616746861825662,0.465026854396271,0.0807714991590758
"2x30",0.411213618208887,0.0604072757458755,0.380101189590969,0.148277916454269
"2x31",0.382026211964376,0.0216457341478838,0.468110064514827,0.128217989372914
"2x32",0.389432214513715,0.0882869243578924,0.407627800561881,0.114653060566512
"2x33",0.392968041227224,0.12339616896601,0.414813420640642,0.068822369166124
"2x34",0.561003890945501,0.00013958304486525,0.348901785028199,0.0899547409814346
"2x35",0.403565122816483,0.0346021203867792,0.455992213662676,0.105840543134062
"2x36",0.47172864349777,0.0552958496325719,0.435667900356564,0.0373076065130942
"2x37",0.343185972448781,0.0650080402791051,0.468655219861319,0.123150767410795
"2x38",0.472524553519683,0.0981444892024768,0.338038831571922,0.0912921257059189
"2x39",0.320663563121201,0.0697398738127275,0.502521375786492,0.107075187279579
"2x40",0.429783257204562,0.0191219084484377,0.416925425086656,0.134169409260345
"2x41",0.423384738732631,0.0774714223363808,0.389936565161149,0.109207273769839
"2x42",0.338071054341444,0.114964588948257,0.445999882630522,0.100964474079777
"2x43",0.485553272848788,0.0516544167281281,0.350647734396049,0.112144576027035
"2x44",0.363556256789369,0.0397602924136213,0.475779850010942,0.120903600786067
"2x45",0.301834517206109,0.110520601067445,0.474663110115527,0.112981771610919
"2x46",0.408285927813106,0.0691622297930308,0.402801192292799,0.119750650101065
"2x47",0.447585348917273,0.109238312350162,0.371435640693301,0.0717406980392636
"2x48",0.370365868583762,0.0879170916907404,0.439037941863245,0.102679097862252
"2x49",0.473499340378761,0.0765940075013897,0.320437679760084,0.129468972359765
"3x0",0.462496055715166,0.0473675939765456,0.398382029439758,0.0917543208685306
"3x1",0.277869268835762,0.00414917764323621,0.574201063901391,0.143780489619611
"3x2",0.543120063281616,0.013661040120026,0.384569733580738,0.0586491630176203
"3x3",0.460816371015679,0,0.496922927860222,0.0422607011240987
"3x4",0.41921244866689,0.0367225350597684,0.421367083803334,0.122697932470008
"3x5",0.411299160607435,0.0157465078496836,0.527774120132821,0.0451802114100607
"3x6",0.369779895833133,0,0.482729336139622,0.147490768027245
"3x7",0.42070479240562,0,0.481711936307574,0.097583271286806
"3x8",0.47336311559252,0.0510920944394505,0.365742358453777,0.109802431514253
"3x9",0.339771203140335,0.041828737476512,0.510188238466865,0.108211820916288
"3x10",0.314537959824296,0.0579831767471209,0.48858723455256,0.138891628876023
"3x11",0.414347117664272,0.00127216722941485,0.514340116214801,0.0700405988915128
"3x12",0.469718785847226,0,0.449762454625398,0.080518759527376
"3x13",0.406024761595855,0.0142833710462895,0.499762702465583,0.0799291648922722
"3x14",0.427369484634524,0.0423653989397854,0.469310385639345,0.0609547307863456
"3x15",0.305392705041163,0,0.505511699265916,0.189095595692921
"3x16",0.389839553560294,0.0476169637180436,0.492332013721397,0.0702114690002656
"3x17",0.433359990519938,0,0.506858038048073,0.0597819714319892
"3x18",0.367037038064368,0,0.538695588686321,0.0942673732493104
"3x19",0.388849409705001,0.0494422300819589,0.469052082758713,0.0926562774543272
"3x20",0.333431246458624,0.0629787326090735,0.541085941092733,0.0625040798395699
"3x21",0.341290934651099,0.0215543803137444,0.512647399891308,0.124507285143848
"3x22",0.267099137660008,0.107782016320473,0.595382426668401,0.0297364193511175
"3x23",0.334402462011322,0.0528255711069082,0.520843098716951,0.0919288681648189
"3x24",0.418526149863962,0.05668096900399,0.459161713398915,0.065631167733133
"3x25",0.39014148087471,0.0762071102718047,0.45834132777361,0.0753100810798757
"3x26",0.55637865869308,0.0533737268185123,0.342844450189773,0.0474031642986342
"3x27",0.388463065009197,0.0947754399655491,0.372789478095438,0.143972016929817
"3x28",0.356356798249,0.106455567255071,0.466140519952396,0.0710471145435329
"3x29",0.403407329822171,0.0472723454459912,0.438966694939161,0.110353629792677
"3x30",0.477162312773364,0.0595374240361194,0.371131205399546,0.092169057790971
"3x31",0.454414634743695,0.0856254885786616,0.377106258232252,0.0828536184453919
"3x32",0.41466932738258,0.00950603386217794,0.490250288304505,0.085574350450737
"3x33",0.427746993161975,0.0801851281209046,0.386411121134109,0.105656757583011
"3x34",0.450302777111934,0.0725545141558812,0.347149142153673,0.129993566578512
"3x35",0.390397903045395,0.100777369119407,0.36556073321076,0.143263994624438
"3x36",0.390569739006301,0.0644694624425761,0.412421993675126,0.132538804875997
"3x37",0.397997625925524,0.104619106660117,0.411686269485264,0.0856969979290955
"3x38",0.349357975353543,0.175479935216275,0.412190901250333,0.0629711881798487
"3x39",0.458804718117468,0.0291907229130699,0.433095594609665,0.0789089643597972
"3x40",0.394537588655926,0.205751303677981,0.361575074794738,0.0381360328713558
"3x41",0.444273743819958,0.0827929783942863,0.389206809668044,0.0837264681177118
"3x42",0.469015706397834,0.107399993678917,0.341786447782771,0.0817978521404779
"3x43",0.452156977261979,0.0595897582038242,0.395764045894889,0.0924892186393084
"3x44",0.0324769063007463,0.17925334519511,0.616773505527241,0.171496242976903
"3x45",0.330530624064666,0.147219997473105,0.38269365617177,0.139555722290458
"3x46",0.347220639734766,0.0356097466824236,0.470537981620731,0.146631631962079
"3x47",0.361438217350544,0.191231011070304,0.368954416963944,0.0783763546152081
"3x48",0.249143544849331,0.0154000572627211,0.533438429235983,0.202017968651964
"3x49",0.406946477722663,0.066147466122453,0.468008666101208,0.058897390053676
"4x0",0.432868572560022,0.000616186335286282,0.475167390166298,0.0913478509383938
"4x1",0.374086519546578,0.0827481584186956,0.51040596944124,0.0327593525934864
"4x2",0.365289424514552,0.0282353263304535,0.540160159731842,0.0663150894231525
"4x3",0.395470399344225,0.000409600851567897,0.46301563247925,0.141104367324958
"4x4",0.451183311358041,0.00100037703090864,0.453069045651196,0.0947472659598535
"4x5",0.355693893608665,0,0.521860040629368,0.122446065761968
"4x6",0.446331128169786,0,0.468590176178493,0.085078695651721
"4x7",0.304744507898281,0,0.583132327257573,0.112123164844146
"4x8",0.392516900449223,0.00982473127053813,0.505297705992787,0.0923606622874522
"4x9",0.379549507384365,0,0.48880380091629,0.131646691699345
"4x10",0.362560970405117,0,0.533190218578278,0.104248811016605
"4x11",0.377114881800055,0.0136525087983118,0.496737356291743,0.112495253109891
"4x12",0.369088735501179,0.016289874248993,0.512785560364059,0.10183582988577
"4x13",0.475609562841631,0,0.432654394174246,0.0917360429841231
"4x14",0.22212359843344,0.0139903844799416,0.632760093959223,0.131125923127395
"4x15",0.466272747088584,0.00136411722435022,0.491619829615375,0.0407433060716903
"4x16",0.343117544462765,0.0105372580287636,0.56283645476386,0.0835087427446112
"4x17",0.358119275004543,0.0412480501416647,0.505603014571483,0.0950296602823099
"4x18",0.277824469864412,0,0.615178461282397,0.10699706885319
"4x19",0.257439185929083,0.0893508822334241,0.522281690186246,0.130928241651246
"4x20",0.383118297806814,0.0754948269270228,0.51234979599056,0.0290370792756036
"4x21",0.218566319672,0.0634101701075563,0.618912867459091,0.0991106427613526
"4x22",0.349005715187708,0.0731697224152409,0.537370082020916,0.0404544803761357
"4x23",0.439822720112323,0.0417710249471148,0.436018906617495,0.0823873483230674
"4x24",0.422948575741302,0.0320491047158091,0.400697910992297,0.144304408550591
"4x25",0.479275994350913,0.0770264397133947,0.378139449594967,0.0655581163407261
"4x26",0.428869865074404,0.00585632856293535,0.427962138505715,0.137311667856945
"4x27",0.488579604725635,0.0421690629722602,0.373586639223973,0.095664693078132
"4x28",0.413721345435678,0.0813141185857881,0.399048980060646,0.105915555917888
"4x29",0.441773728555647,0.0739857918297293,0.426223382776765,0.0580170968378585
"4x30",0.333571756504386,0.0526196371115821,0.47396500798775,0.139843598396282
"4x31",0.325983073783056,0.150457359743326,0.465255150557019,0.0583044159165995
"4x32",0.313181917932778,0.0732133305962195,0.435194370247733,0.17841038122327
"4x33",0.410675535994242,0.130216180394312,0.366524840580591,0.0925834430308547
"4x34",0.421910340351282,0.0330258832069696,0.414994639357583,0.130069137084166
"4x35",0.386705566127077,0.0420459730395003,0.458637405966491,0.112611054866932
"4x36",0.365503875471844,0.137087457136113,0.438647884446505,0.0587607829455378
"4x37",0.309835105995115,0.109664444198395,0.449059691844503,0.131440757961987
"4x38",0.33709781674086,0.0719198819819491,0.443253194861276,0.147729106415915
"4x39",0.480525180004989,0.0433004758982139,0.406142193534886,0.0700321505619112
"4x40",0.435747662698515,0.0588783376554836,0.406027516526136,0.099346483119865
"4x41",0.0831990824028145,0.0557900482961303,0.669916909562488,0.191093959738567
"4x42",0.4291969842577,0.112417429739271,0.378666035680459,0.0797195503225707
"4x43",0.415130117498649,0.0882752376477297,0.400645372656777,0.0959492721968441
"4x44",0.444008872973432,0.112985437915694,0.362959780852037,0.0800459082588372
"4x45",0.450116768027113,0.0568494166928953,0.383802187562448,0.109231627717543
"4x46",0.368818788296376,0.108961125832989,0.382619148875545,0.139600936995091
"4x47",0.284986458034175,0.108391201755637,0.48272572766605,0.123896612544137
"4x48",0.430736343326717,0.0741494823511201,0.409210478152214,0.0859036961699491
"4x49",0.338347912733672,0.137081105871212,0.406546770800585,0.118024210594531
"5x0",0.410440760085371,0.0826220195213713,0.458047718491278,0.0488895019019796
"5x1",0.409440280585618,0.0147768636404446,0.517883416787687,0.0578994389862506
"5x2",0.420829511381943,0,0.501307569878885,0.0778629187391725
"5x3",0.248712295406828,0.0558985781918425,0.544689146849423,0.150699979551906
"5x4",0.394622813635251,0,0.482716257629353,0.122660928735396
"5x5",0.345086985091717,0.0447709510252817,0.506302063737275,0.103840000145726
"5x6",0.336025642332115,0.0626035761781678,0.523601779089606,0.0777690024001114
"5x7",0.416040787235104,0.0515780222874175,0.4334548002893,0.0989263901881792
"5x8",0.351864418207932,0.00249454173250378,0.502051802877002,0.143589237182563
"5x9",0.450867628630988,0.0228155893765163,0.440808968380069,0.0855078136124274
"5x10",0.353078720462871,0.0248321508044429,0.483033611925699,0.139055516806987
"5x11",0.430132207600759,0.0070353653388444,0.445326991059518,0.117505436000878
"5x12",0.420359785486063,0.0602005687669366,0.406009720317636,0.113429925429365
"5x13",0.433780497071053,0,0.506698436951436,0.0595210659775111
"5x14",0.401773265391049,0,0.470926991195829,0.127299743413121
"5x15",0.464293519023916,0,0.420219713122203,0.115486767853881
"5x16",0.425807137464058,0,0.435136072475141,0.139056790060801
"5x17",0.39944946449164,0.011660605480051,0.498381784192919,0.0905081458353898
"5x18",0.468443391391735,0,0.450711063347495,0.0808455452607702
"5x19",0.316332846831343,0.0564711775966544,0.545025502637262,0.0821704729347409
"5x20",0.398708224840674,0.0245365055635314,0.485166387225226,0.0915888823705684
"5x21",0.35531104337908,0.0349222788924346,0.538931090903421,0.0708355868250642
"5x22",0.46983969810579,0.0280029418696458,0.44422535404501,0.0579320059795538
"5x23",0.444470413943174,0.0342135026866663,0.450619835776587,0.0706962475935729
"5x24",0.528510518820973,0.0225911953526196,0.385497865041825,0.0634004207845832
"5x25",0.46868048148773,0.068518433610511,0.351849229541513,0.110951855360246
"5x26",0.370643690531896,0.0891300002425364,0.398954032891576,0.141272276333992
"5x27",0.265775128590598,0.128623547243421,0.53464700170785,0.0709543224581304
"5x28",0.449724229746244,0.041177750378665,0.370568218399305,0.138529801475787
"5x29",0.421102062226421,0.0961647443526557,0.396275656373053,0.086457537047871
"5x30",0.362464142425381,0.0915156158549573,0.469497048749816,0.0765231929698461
"5x31",0.299176902889173,0.209824468590424,0.427793814673393,0.0632048138470106
"5x32",0.377892718418905,0.106135207838745,0.435147951931331,0.080824121811019
"5x33",0.33517190203862,0.123873863432706,0.435511377005621,0.105442857523053
"5x34",0.399555523985733,0.064094738856061,0.445062631398617,0.0912871057595894
"5x35",0.517237175168768,0.104294958650877,0.274542196314871,0.103925669865485
"5x36",0.380037649616099,0.105699469662633,0.422310262602352,0.0919526181189152
"5x37",0.523300018704364,0.00130116047593629,0.351426519186276,0.123972301633424
"5x38",0.41338500183451,0.0912795023243423,0.362269272125567,0.13306622371558
"5x39",0.380599327597203,0.0459532949692409,0.467122887210372,0.106324490223184
"5x40",0.325692426505267,0.110756779914265,0.473973071616921,0.0895777219635463
"5x41",0.368863255598384,0.0969254099640893,0.449619185474693,0.084592148962834
"5x42",0.36646318472162,0.164658079637739,0.37333305016197,0.095545685478671
"5x43",0.463539554063107,0.0520533291852012,0.363749103061497,0.120658013690195
"5x44",0.499277979286632,0.118554074352579,0.326263359828513,0.0559045865322763
"5x45",0.363510559230377,0.132142228662435,0.472521435929254,0.0318257761779338
"5x46",0.420089256509503,0.0836865752061861,0.419024674710421,0.0771994935738902
"5x47",0.349823504120178,0.0721481701883229,0.449306655964053,0.128721669727446
"5x48",0.36658381828593,0.075619292602338,0.479173334289812,0.0786235548219195
"5x49",0.39167898789025,0.0568188624243044,0.43307987673364,0.118422272951805
"6x0",0.385106263017194,0.0702503271317054,0.48067072843367,0.0639726814174308
"6x1",0.251043041127857,0.0512835015752066,0.603897506689229,0.0937759506077075
"6x2",0.446473565711295,0.0163859001575113,0.423687223638718,0.113453310492475
"6x3",0.314285983693037,0.016557951990167,0.548413974887249,0.120742089429546
"6x4",0.354954240243791,0.00114444098247311,0.528955647287115,0.114945671486621
"6x5",0.431458510684967,0.0311918376817171,0.430826004674794,0.106523646958521
"6x6",0.379697043998445,0.0731363060940962,0.462519914758314,0.0846467351491453
"6x7",0.466260890963224,0.0582195223926608,0.371248843664505,0.10427074297961
"6x8",0.424903986915454,0.00251763715045008,0.484579882153143,0.0879984937809531
"6x9",0.452629061121391,0,0.464633688272944,0.0827372506056652
"6x10",0.410475644926785,0,0.452816929924309,0.136707425148907
"6x11",0.407200018349514,0.0212209934189541,0.494986205965394,0.076592782266138
"6x12",0.464189433131239,0,0.465913023430121,0.0698975434386396
"6x13",0.32590028371278,0.0639259817309258,0.52548858605626,0.0846851485000337
"6x14",0.415143767010477,0.100086460114092,0.397252830798119,0.0875169420773108
"6x15",0.361916438783327,0,0.547376715494038,0.0907068457226356
"6x16",0.353632018292164,0.0105884010796024,0.54069763030547,0.0950819503227639
"6x17",0.436860842824399,0,0.468887561115605,0.0942515960599958
"6x18",0.375480924357544,0.0435324636973261,0.466667195534873,0.114319416410258
"6x19",0.214228386249048,0,0.626706301692243,0.15906531205871
"6x20",0.314800362531432,0.0449484640529139,0.498263775713219,0.141987397702435
"6x21",0.276612189576629,0.067890234502922,0.549071765655059,0.10642581026539
"6x22",0.410090501358199,0.0256258932612988,0.495284633623834,0.0689989717566688
"6x23",0.524968404202804,0,0.400330367953941,0.0747012278432544
"6x24",0.415201326352243,0.0833411703896877,0.420109048928988,0.0813484543290811
"6x25",0.290020037328637,0.104466944296706,0.495179381197884,0.110333637176772
"6x26",0.440797599674129,0.0659164727504435,0.398617866527814,0.0946680610476126
"6x27",0.422693990676114,0.0672954404095768,0.412205276395662,0.0978052925186468
"6x28",0.324104313793536,0.159603970034866,0.457196900028605,0.0590948161429938
"6x29",0.249315303929261,0.0848999089729139,0.563668256875376,0.102116530222449
"6x30",0.353420621300634,0.152742926441042,0.441323719202317,0.0525127330560064
"6x31",0.359083001897357,0.0473699231156205,0.499369484390712,0.0941775905963104
"6x32",0.365999328624395,0.11896777522622,0.392552867757081,0.122480028392304
"6x33",0.515353127228675,0.0529007008864347,0.327632563610482,0.104113608274409
"6x34",0.384773077879089,0.168374100301875,0.345886238751877,0.100966583067159
"6x35",0.351779143503389,0.0591094374366591,0.485945847558372,0.10316557150158
"6x36",0.351145789035525,0.0828256859186077,0.474970225384409,0.0910582996614581
"6x37",0.441091689419269,0.160769238014576,0.29417266705891,0.103966405507244
"6x38",0.316849048452502,0.0939523734828213,0.466912047860869,0.122286530203808
"6x39",0.348323279108055,0.0707084219673805,0.463174088034682,0.117794210889883
"6x40",0.463631290935741,0.0488695592961615,0.339906140465253,0.147593009302845
"6x41",0.492361105108222,0.0434296399333336,0.387570822556204,0.0766384324022399
"6x42",0.416670358579631,0.116866664045449,0.368414895091547,0.0980480822833725
"6x43",0.423655301707958,0.080888710175221,0.425293819487981,0.0701621686288401
"6x44",0.407930667733121,0.0178936368064863,0.471727794522147,0.102447900938245
"6x45",0.369334888423418,0.133613448011823,0.413508344161934,0.0835433194028252
"6x46",0.547213831243972,0.0874489979299689,0.313259510406681,0.0520776604193776
"6x47",0.430647108727325,0.0204533384190145,0.446834509901691,0.102065042951969
"6x48",0.32173655329174,0.0940603395055614,0.476630578893866,0.107572528308832
"6x49",0.462124694819711,0,0.400358578307646,0.137516726872643
"7x0",0.3711377201833,0.0563238945043746,0.490666764689897,0.081871620622428
"7x1",0.432867192829496,0.0815123085138465,0.419838073930335,0.0657824247263224
"7x2",0.462009672190101,0,0.448884401195293,0.0891059266146065
"7x3",0.442006213382499,0.0900545787259713,0.377616515421391,0.0903226924701386
"7x4",0.229136833045857,0.114222042355198,0.54765227432502,0.108988850273925
"7x5",0.333553943010448,0.0210948033185412,0.557348681409218,0.0880025722617922
"7x6",0.29824067920157,0,0.577459469632242,0.124299851166188
"7x7",0.439593590583119,0,0.482264413258332,0.0781419961585489
"7x8",0.363442414584988,0,0.540762570199475,0.0957950152155371
"7x9",0.434529929403661,0.0432634566350243,0.462542971563827,0.0596636423974881
"7x10",0.395001703462881,0.0218946765314103,0.478507343812247,0.104596276193461
"7x11",0.44792223925499,0.0145113674389959,0.429439073422818,0.108127319883196
"7x12",0.422189327872693,0.0757830728145451,0.381185555398111,0.120842043914651
"7x13",0.43066799497119,0.0030962894566526,0.492474136403759,0.0737615791683992
"7x14",0.373581363592521,0,0.492073526557159,0.13434510985032
"7x15",0.449224374549305,0.0316335486680802,0.424150658758922,0.0949914180236932
"7x16",0.43478734021602,0,0.448318925444209,0.116893734339771
"7x17",0.393999669282778,0,0.551152674896431,0.0548476558207909
"7x18",0.451424795021409,0,0.456384791940867,0.0921904130377239
"7x19",0.49468011644952,0.0473921431579042,0.413927860305235,0.0439998800873409
"7x20",0.317879583772236,0.10052649236011,0.521920638304705,0.0596732855629489
"7x21",0.371193123604629,0.0914728802990625,0.447437407193471,0.0898965889028369
"7x22",0.410278161725156,0.0509279654625547,0.432943939759074,0.105849933053216
"7x23",0.330211833000891,0.116261347037288,0.478708764418816,0.0748180555430051
"7x24",0.334515550428749,0.0765378142512346,0.497483456519111,0.0914631788009055
"7x25",0.417529858484518,0.00258866685537046,0.484290658243572,0.09559081641654
"7x26",0.488596741099971,0.0269806765298609,0.34434111195547,0.140081470414698
"7x27",0.446267840125333,0.0184116954698935,0.440568939495426,0.0947515249093482
"7x28",0.299540780494125,0.109490946570131,0.39640589336271,0.194562379573034
"7x29",0.42403965246897,0.110646297148109,0.3873346551418,0.0779793952411206
"7x30",0.259344284929862,0.167382888740951,0.456206430391113,0.117066395938074
"7x31",0.49106879169854,0.0386907333726162,0.358258575139056,0.111981899789788
"7x32",0.494669003745504,0.101278107487054,0.272876859750502,0.13117602901694
"7x33",0.487822986836683,0.0267140849471187,0.405031175242616,0.0804317529735827
"7x34",0.44384101491767,0.0337861060458209,0.373120641400977,0.149252237635533
"7x35",0.504297714559793,0.0149293945286798,0.334100848341625,0.146672042569902
"7x36",0.421820796229597,0.0395949739779231,0.436305962411274,0.102278267381206
"7x37",0.254780174710832,0.0904697143187561,0.542755197976228,0.111994912994184
"7x38",0.387687962514658,0.161258213458487,0.363163150750907,0.0878906732759482
"7x39",0.44486530532309,0.11838529438893,0.347614074334719,0.0891353259532614
"7x40",0.2239384875834,0.171735705823636,0.461951416591216,0.142374390001748
"7x41",0.28482291198536,0.0484957994355352,0.476004193767639,0.190677094811466
"7x42",0.248018984039114,0.050222729873356,0.490204517889261,0.211553768198269
"7x43",0.4266663188364,0.0425981588919898,0.41612200888062,0.11461351339099
"7x44",0.367767924406074,0.0775389059519005,0.462145726843507,0.0925474427985186
"7x45",0.40653106348809,0.0517536607536766,0.463788502641651,0.0779267731165824
"7x46",0.493369194401478,0.104793322937752,0.35074318192771,0.0510943007330596
"7x47",0.480396552183801,0.0401112433686568,0.351012463095839,0.128479741351703
"7x48",0.369056028180917,0.14807854712911,0.443610268274591,0.0392551564153825
"7x49",0.309782705268782,0.0514327721716895,0.521061946264704,0.117722576294825
"8x0",0.317372219143417,0,0.546494212745144,0.136133568111439
"8x1",0.270192402805546,0.0150623743832449,0.559330829373737,0.155414393437471
"8x2",0.359021946363683,0,0.525995035904682,0.114983017731634
"8x3",0.444873409126845,0,0.471675769766256,0.0834508211068988
"8x4",0.362074036437635,0.000891083883760993,0.565610467786167,0.0714244118924368
"8x5",0.405477354502306,0.0170314299639624,0.504800679112572,0.0726905364211595
"8x6",0.425977944937486,0.00382632813356547,0.491904251009331,0.0782914759196178
"8x7",0.353562452254949,0.000970533714897614,0.549217155669554,0.096249858360599
"8x8",0.432191672392383,0,0.414561292781947,0.15324703482567
"8x9",0.466628213469508,0.0144896537840775,0.436427845613442,0.0824542871329725
"8x10",0.364898387695217,0.037312465670742,0.461158551407329,0.136630595226713
"8x11",0.459916731204736,0.00144144674208762,0.421100742332364,0.117541079720813
"8x12",0.470230728338083,0,0.411424767575643,0.118344504086274
"8x13",0.380045536304157,0,0.507538591499596,0.112415872196247
"8x14",0.428523332685651,0,0.487016353178884,0.0844603141354655
"8x15",0.430545541636238,0.000624819275332302,0.476816872259069,0.0920127668293604
"8x16",0.301386656169336,0.0837823770376567,0.523300853298447,0.0915301134945603
"8x17",0.446816074322854,0.00136515760081496,0.483647118416382,0.0681716496599496
"8x18",0.451966324938858,0.0198918428595118,0.491332614759563,0.0368092174420672
"8x19",0.361019386390705,0.0219398957025563,0.497611117855591,0.119429600051148
"8x20",0.370867299928593,0.0169983266441625,0.454368990738289,0.157765382688955
"8x21",0.426226339475642,0.0826603345852335,0.416996017125343,0.0741173088137816
"8x22",0.341742637860333,0.0422025518555205,0.524235830100209,0.0918189801839373
"8x23",0.396661535416301,0.00187770830513851,0.53190919470153,0.0695515615770301
"8x24",0.342581068152589,0.123017153295844,0.447354793479161,0.0870469850724061
"8x25",0.340114760666179,0.115894602170113,0.459971121784921,0.0840195153787867
"8x26",0.351938523521551,0.0374615927063229,0.454783488259983,0.155816395512143
"8x27",0.380982791675599,0.0863032178796158,0.454846580803036,0.0778674096417495
"8x28",0.334686414519491,0.0704592928985926,0.460775090288749,0.134079202293167
"8x29",0.330105485931567,0.1818441410887,0.408364540080575,0.0796858328991587
"8x30",0.479932320362695,0.0396215340609602,0.403892146160555,0.0765539994157901
"8x31",0.248206336099034,0.157449925900967,0.43977954839321,0.154564189606789
"8x32",0.586417869642845,0.0415664126465649,0.267613365789252,0.104402351921338
"8x33",0.533633501950982,0.0860246664385534,0.327586168901918,0.0527556627085456
"8x34",0.491426856001044,0.0896026243775333,0.304778676570081,0.114191843051341
"8x35",0.364140443242972,0.093512671199936,0.384474366678425,0.157872518878667
"8x36",0.411595784676034,0.0448240923400533,0.41479633522477,0.128783787759143
"8x37",0.425957475666004,0.121294738183238,0.35352425788601,0.0992235282647473
"8x38",0.391641362944543,0.0287380831964278,0.459262765779471,0.120357788079558
"8x39",0.388775458621228,0.0357067856475589,0.388532439489251,0.186985316241961
"8x40",0.211249235079893,0.14121154556097,0.540807359711209,0.106731859647928
"8x41",0.298388782843818,0.173274771826775,0.493668544687835,0.0346679006415723
"8x42",0.394441532310474,0.131235958166788,0.39873342092477,0.0755890885979681
"8x43",0.490675240329721,0.0809946828963387,0.365550947078379,0.0627791296955611
"8x44",0.309293046053253,0.148340254064293,0.428308181628724,0.11405851825373
"8x45",0.379265116801514,0.122522745852466,0.407473010749715,0.090739126596305
"8x46",0.428322903220294,0.0947878521869928,0.367916073548907,0.108973171043805
"8x47",0.249561517139918,0.100521712415093,0.486359231661681,0.163557538783308
"8x48",0.0122352138845283,0.280709635593027,0.570391832097128,0.136663318425317
"8x49",0.41973275893362,0.0766757767296416,0.376917587275743,0.126673877060995
"9x0",0.297716557236496,0.0328006608492409,0.575678064840978,0.0938047170732853
"9x1",0.381571678871334,0.0503721561180095,0.500714493427394,0.0673416715832624
"9x2",0.46082062694908,0.000646687866020383,0.415681844138556,0.122850841046344
"9x3",0.418723797794306,0,0.489486475622626,0.0917897265830676
"9x4",0.346821385505968,0.0537156082533443,0.518407653907662,0.0810553523330264
"9x5",0.429134689586957,9.28722831062542e-05,0.528593754195049,0.0421786839348883
"9x6",0.419279938435353,0,0.49039691790567,0.0903231436589764
"9x7",0.385194857118568,0.0157945566769607,0.438422130855403,0.160588455349069
"9x8",0.368263797451544,0,0.493994238283604,0.137741964264852
"9x9",0.404210141848183,0.0230433688703929,0.450491679825645,0.122254809455779
"9x10",0.372108605326935,0.00574282149071812,0.515505766140266,0.10664280704208
"9x11",0.373566362587577,0.00110306324122025,0.526945926694989,0.0983846474762133
"9x12",0.306786678088543,0.0385569959726518,0.552289420069774,0.102366905869031
"9x13",0.40378638749369,0.0740100485791388,0.377357434983968,0.144846128943204
"9x14",0.457063923293731,0,0.468660333493701,0.0742757432125678
"9x15",0.342167312106914,0.0392537425948904,0.517213595970041,0.101365349328154
"9x16",0.328814938862998,0.0830090849693037,0.501714223259127,0.0864617529085717
"9x17",0.366979996357011,0.0348879344964107,0.468880750056273,0.129251319090305
"9x18",0.373457317727018,0.0389505633014941,0.486380255563539,0.101211863407949
"9x19",0.45853196999765,0.00695635367793593,0.447623125498219,0.0868885508261949
"9x20",0.37263797122828,0.0440167548268371,0.424932998274282,0.158412275670601
"9x21",0.361133616742871,0.0600317267484085,0.507167638849844,0.0716670176588771
"9x22",0.364852240325111,0.0503044559458035,0.501389346121878,0.0834539576072077
"9x23",0.330712942914804,0.120495312561134,0.509316972537029,0.0394747719870321
"9x24",0.446449339717266,0.109533111843061,0.360150922990248,0.0838666254494244
"9x25",0.424282824926885,0.0578916754920231,0.422283177322453,0.0955423222586382
"9x26",0.342814833567653,0.0873101399936286,0.466498279577715,0.103376746861003
"9x27",0.443512631620833,0.0372976419251489,0.413645827013434,0.105543899440584
"9x28",0.36749055586507,0.0596360978646212,0.393225636824932,0.179647709445376
"9x29",0.35158007214814,0.124337908552885,0.409343418718933,0.114738600580042
"9x30",0.496049562343797,0.101824131713074,0.348836704978144,0.053289600964985
"9x31",0.509735595184684,0.0140072579630765,0.368601307958566,0.107655838893674
"9x32",0.395757492979904,0.117837060727732,0.393413283077533,0.0929921632148301
"9x33",0.600090153581096,0.0996361009944511,0.255063178732374,0.0452105666920783
"9x34",0.509902598117565,0.171531256912429,0.229161292480697,0.0894048524893078
"9x35",0.333160981364399,0.124387473298201,0.351160714615425,0.191290830721974
"9x36",0.572378356249341,0.0422511228261532,0.308060281822112,0.0773102391023941
"9x37",0.380533959207407,0.0818464017146736,0.414208329404513,0.123411309673407
"9x38",0.470945355705884,0.0619586144608231,0.311397012428083,0.15569901740521
"9x39",0.417077184926514,0.0943583786783309,0.393929259087806,0.0946351773073493
"9x40",0.17528974681489,0.173340512214217,0.523034347982404,0.128335392988489
"9x41",0.437705789539016,0.0354008615849273,0.427311726712875,0.0995816221631812
"9x42",0.555533763852755,0.0509276416946599,0.311867441576744,0.0816711528758416
"9x43",0.407829812580688,0.0497767885918431,0.452880335175231,0.0895130636522373
"9x44",0.47183358266246,0.0969560228990246,0.358142118094944,0.0730682763435716
"9x45",0.456671408013841,0.0645270435277779,0.385022496084458,0.093779052373923
"9x46",0.385868462469045,0.13599451592027,0.446729401400364,0.0314076202103205
"9x47",0.463634026711692,0.0789490215855216,0.302041275559398,0.155375676143389
"9x48",0.496656737056137,0.041272627671883,0.357809112082084,0.104261523189896
"9x49",0.513429047242954,0.0184433689090346,0.349419060186636,0.118708523661376
"10x0",0.472551000068735,0.00648759290148503,0.467979197194741,0.0529822098350389
"10x1",0.382165528997509,0.00113311260307244,0.517460841075434,0.0992405173239845
"10x2",0.396998071140533,0.0274340546954637,0.512856316028581,0.0627115581354223
"10x3",0.378501540627229,0,0.516628161596814,0.104870297775957
"10x4",0.413620692437272,0.00158041499760262,0.501520919858699,0.0832779727064264
"10x5",0.353003802338759,0.0377713930634546,0.513305217731748,0.0959195868660379
"10x6",0.446954864153343,0.0230893488672658,0.421926866590178,0.108028920389214
"10x7",0.365510604320345,0,0.50383522256023,0.130654173119425
"10x8",0.406307243506361,0.0145076738328946,0.507549861203703,0.0716352214570412
"10x9",0.37379830535036,0,0.463662647224564,0.162539047425076
"10x10",0.35042380726829,0.0639158200374472,0.528210548186256,0.0574498245080076
"10x11",0.410045672426349,0.013862291653307,0.515768478883627,0.0603235570367162
"10x12",0.330683554016792,0,0.52457449159961,0.144741954383598
"10x13",0.276667577532409,0,0.592458657870518,0.130873764597073
