"","Cancer","Ductal","mDCs","Macrophages","Mast","Monocytes"
"0x0",0.704789159771144,0.0189393801902501,0.121583299419932,0,0.144530635211609,0.0101575254070649
"0x1",0.649098382012437,0.00578304552109502,0.217257255032061,0.00694930856242042,0.0894026650467496,0.0315093438252367
"0x2",0.767483303468793,0.151179375016699,0.0273079960715127,0,0.0433725346654187,0.0106567907775773
"0x3",0.639686885376948,0,0.173862521325175,0.0258414218778949,0.120662344720711,0.0399468266992712
"0x4",0.858807038610516,0,0,0.00868598593979768,0.0852929637464551,0.0472140117032316
"0x5",0.89456657624726,0.0010609035403063,0.00563126916018154,0,0.0838769415289613,0.0148643095232905
"0x6",0.836097279640586,0.0443052704053792,0,0,0.119597449954035,0
"0x7",0.800441619287839,0.0721821901858268,0.017698179537408,0.00619302665888108,0.103291546223676,0.000193438106369232
"0x8",0.930372387632145,0.0543428272343686,0,0,0.0152847851334861,0
"0x9",0.85692008658843,0.0776068538604664,0.00173581637943258,0,0.0637372431716708,0
"0x10",0.892228951796138,0,0.0603646457950088,0.0161593371967927,0.0266201796106372,0.00462688560142319
"0x11",0.835421932454085,0.109963443818201,0,0,0.0546146237277145,0
"0x12",0.949859028391644,0.000155331535924059,0,0,0.0293080669837744,0.0206775730886573
"0x13",0.808850939218894,0.159981331402021,0,0,0.0311677293790851,0
"0x14",0.890213879451028,0.0461049603568345,0,0,0.0636811601921372,0
"0x15",0.87968945801193,0.0256274658360086,0.0247023942710397,0.0116746036519323,0.0557950720996196,0.00251100612946944
"0x16",0.854636472772459,0.0357100756787371,0,0,0.105634206698073,0.00401924485073112
"0x17",0.728674965924322,0.115045477633639,0,0,0.146443768306481,0.00983578813555753
"0x18",0.570533047697113,0.259755325556217,0.0125927490777312,0.0348366196268309,0.110245235553192,0.0120370224889158
"0x19",0.82444091548655,0.0243322652528638,0.00134378914006753,0.0177000165472678,0.119954785637336,0.0122282279359152
"0x20",0.793346977862417,0.0711287151180848,0,0,0.084450273640671,0.0510740333788268
"0x21",0.680811177855555,0.0172819243994688,0.121541234590613,0.00594817659272673,0.160468418989739,0.0139490675718982
"0x22",0.649060519783122,0.182896306766923,0,0.0139642296488403,0.0976239308136158,0.056455012987498
"0x23",0.42489332616117,0.23787194942997,0.159303503524563,0.0691498357632831,0.067736570784775,0.0410448143362382
"0x24",0.740397557515033,0.0828862011875428,0,0.0143019173125642,0.138801813727006,0.0236125102578536
"0x25",0.413942366447073,0.292587750673755,0.150049195592488,0.0242176712746697,0.0798103182937522,0.0393926977182614
"0x26",0.619914358103446,0.121106960302567,0.0815722238842858,0,0.152026043293968,0.0253804144157339
"0x27",0.551526584990614,0.109233140700077,0.122194476201211,0.0435503239821709,0.141922741401914,0.031572732724012
"0x28",0.431306346004989,0.131708423304105,0.14143989790471,0.021322899267611,0.209900090528979,0.0643223429896063
"0x29",0.375538085559048,0.185077714111144,0.295539797067116,0,0.0895488406626437,0.0542955626000478
"0x30",0.395583058715913,0.323491335776812,0.0300146293508586,0.109061787047944,0.122779278721848,0.0190699103866248
"0x31",0.657544896621529,0.0378197949534583,0.159875676149074,0.0179004874995049,0.115311592113911,0.0115475526625228
"0x32",0.426909783389947,0.140851821931025,0.214442013934506,0.050578193103829,0.113428451685556,0.053789735955137
"0x33",0.706968784461165,0.0646185362432806,0.129802243946272,0,0.0872165288571603,0.0113939064921215
"0x34",0.532437959404533,0.0259752167441666,0,0.0495970092960354,0.347637090215252,0.0443527243400132
"0x35",0.399571069913757,0.0238360336214132,0.281877528900319,0.00145451675438826,0.209414908038724,0.0838459427713986
"0x36",0.490067878340406,0.11847246510953,0.00107085706569813,0.0642335256234907,0.284612115234225,0.0415431586266497
"0x37",0.372452075176751,0.218266153766432,0.0685862134511102,0.101094906137553,0.189230981299927,0.0503696701682266
"0x38",0.496500980888037,0.24589506670614,0,0.0953451827999323,0.0798398985024793,0.0824188711034111
"0x39",0.217918641157842,0.33119099739355,0.271542045377782,0,0.141784308655411,0.0375640074154157
"0x40",0.578380872148728,0.145703137758247,0.0595089764030488,0.0799982424376666,0.132375602635743,0.00403316861656634
"0x41",0.174871093339216,0.224141389469303,0.266104101982377,0.0445778876497138,0.164129412326561,0.126176115232829
"0x42",0.294149099073043,0.188073958078828,0.170429428186577,0.0220848202818611,0.258151903929247,0.067110790450443
"0x43",0.467401029057907,0.180220140818483,0.0963845059418126,0.0655290138627211,0.137562000196912,0.0529033101221645
"0x44",0.214692653537305,0.42030600380759,0.0976627170986249,0.0490759735450939,0.196722613066937,0.0215400389444487
"0x45",0.476713320267558,0.147729680763607,0.0987584439426645,0.101548561800619,0.15029859602249,0.0249513972030619
"0x46",0.376751334160485,0.244637116270504,0.0583153199937575,0.0495492201905077,0.235440630493192,0.0353063788915533
"0x47",0.230214042390272,0.342831791358418,0.189062481711711,0.00416697948186089,0.184408894856813,0.049315810200926
"0x48",0.355747237041011,0.236786202635862,0.151236982777365,0.0377672661074564,0.149569911189322,0.0688924002489835
"0x49",0.422280554808937,0.292895515031611,0.0983573400909068,0.0754151716405132,0.0849893875198739,0.0260620309081583
"1x0",0.857561886376234,0.0650215200707321,0,0.0321757481475559,0.0452408454054776,0
"1x1",0.700746173988614,0.224807867788875,0.0117850488515813,0.0100921012430883,0.052568808127841,0
"1x2",0.777793574618503,0.0444493064706632,0.0417961951066521,0.065379371445706,0.0705815523584756,0
"1x3",0.70134146559552,0.072815544901,0.125722692508025,0.0157674487488744,0.0665282239193278,0.0178246243272526
"1x4",0.886081172841759,0.110357371337938,0.0034246675236354,0.00013678829666682,0,0
"1x5",0.906382604597832,0,0,0,0.0847071272591836,0.00891026814298435
"1x6",0.878754045936548,0.0393991661561757,0,0,0.0818467879072766,0
"1x7",0.884942117201477,0.0347986904270157,0,0,0.0802591923715079,0
"1x8",0.788448930086454,0.138909726210797,0,0,0.0726413437027487,0
"1x9",0.961284637173477,0.000879400936247323,0,0,0.0366052301901722,0.00123073170010338
"1x10",0.410479141183381,0,0.306701170391263,0.0793709882968781,0.13418797757605,0.0692607225524268
"1x11",0.806140675844529,0.142665275092556,0.010999593751585,0,0.0350027634183469,0.00519169189298262
"1x12",0.640386142589869,0.275979595127269,0.0111360282549723,0,0.0656198466094182,0.00687838741847182
"1x13",0.850222281145031,0.019511338691315,0.0249678351520859,0,0.0758639578817705,0.029434587129798
"1x14",0.879641940741438,0.0118809205656642,0,0,0.0718372907733003,0.0366398479195974
"1x15",0.828983906790375,0.128158763323604,0,0.0406292906052702,0.00222803928075034,0
"1x16",0.659463997888338,0.0447121809583632,0,0,0.258271788301362,0.0375520328519373
"1x17",0.900615374611548,0.00581863738302212,0.00525032974727421,0.0247241756537419,0.0635914826044138,0
"1x18",0.794438944230546,0.0404381832793782,0.00996867480002941,0.0217745779069818,0.128151281681416,0.00522833810164876
"1x19",0.824997349629325,0.014954893873965,0.0706994438406432,0.0281461602313088,0.052873005842854,0.00832914658190421
"1x20",0.634635000468631,0.0766215553002897,0.161740458639061,0.00741219731629573,0.0872766866411834,0.0323141016345385
"1x21",0.615351831188759,0.254854879710603,0,0,0.0797517165096357,0.0500415725910016
"1x22",0.563100139261338,0.155001249762132,0.0432667853790583,0,0.216281297067708,0.0223505285297635
"1x23",0.679566146376721,0,0.149505514989733,0.0322735384782684,0.111757947116533,0.0268968530387443
"1x24",0.739218456965576,0.00330292766963123,0.12166285179014,0.024742575705608,0.0976192855531526,0.0134539023158926
"1x25",0.632435921329777,0,0.105097073358378,0.0753716502502773,0.163047624792832,0.0240477302687358
"1x26",0.717928763631121,0.0236050081172062,0.0017009627226299,0.0113803656119403,0.100562534235384,0.144822365681719
"1x27",0.433946227855523,0.174443536059889,0.183822132198601,0,0.147888481276953,0.059899622609034
"1x28",0.532375526150462,0.221343200121847,0.0792429945813191,0.0793259855712845,0.05451384610892,0.0331984474661674
"1x29",0.180691492337494,0.487691628606802,0.0328895497401339,0.0861375166498884,0.120811720712545,0.0917780919531364
"1x30",0.437062205881267,0.124510873270944,0.209856139616277,0.0716072222470019,0.139019347466988,0.0179442115175226
"1x31",0.57892005104613,0.0439355475050124,0.114281906332134,0.0245792880995183,0.139634302120354,0.0986489048968505
"1x32",0.345059837093355,0.253417804639134,0.182020390710513,0.0440461016632736,0.129987904716365,0.0454679611773589
"1x33",0.506834771228576,0.083028398502066,0.273998230990938,0,0.10761484766987,0.0285237516085487
"1x34",0.420554278481773,0.184956327288429,0.0932878454851396,0.0110578594972765,0.244964543278618,0.0451791459687636
"1x35",0.414607627820938,0.145405016762995,0.200515079479685,0.0613265695161332,0.15559798620335,0.0225477202168982
"1x36",0.596958250630607,0.114114765411317,0,0.112005633004278,0.166970810536415,0.00995054041738372
"1x37",0.357676679275012,0.274529947782684,0.0452636236231589,0.066407477897754,0.169419292528578,0.0867029788928132
"1x38",0.449632329807266,0.188044758994536,0.178061287755022,0.0110928909317702,0.135351423675684,0.0378173088357223
"1x39",0.690222272537415,0.0263996521866819,0,0.0499188541199545,0.173803962148312,0.0596552590076363
"1x40",0.34603863397078,0.0876942354848208,0.22147964351039,0.0588632334265877,0.251394890959842,0.0345293626475797
"1x41",0.301695662558013,0.108570212015555,0.327387590551411,0.0971473112835214,0.122659049189732,0.0425401744017684
"1x42",0.330846839269297,0.227225112522821,0.280553850961503,0,0.113815953109114,0.0475582441372651
"1x43",0.35343475670014,0.065359845453309,0.264447054133054,0.0440692933570767,0.194303590442346,0.0783854599140737
"1x44",0.239867140099885,0.256396410418621,0.32275542868664,0.013933504588371,0.14876437916741,0.0182831370390731
"1x45",0.444347712732366,0.163937877447441,0.241679017589853,0.0100063783180484,0.0541683543879066,0.0858606595243851
"1x46",0.480430190654213,0.217084879241927,0,0.0512352953005932,0.169552949596092,0.0816966852071742
"1x47",0.356018379580561,0.230180402436031,0.188209641843363,0.111273104986665,0.0764786005653587,0.0378398705880215
"1x48",0.395960530142711,0.386975457097412,0.0989302718441292,0.0320275322108646,0.0852172828059545,0.000888925898928238
"1x49",0.528144636112781,0.112818230197201,0.123393612317296,0.0245296618308311,0.182771013087974,0.0283428464539167
"2x0",0.849641999735321,0.000683153056518141,0,0.0194947670459302,0.129762360149977,0.000417720012252979
"2x1",0.885505204934334,0,0.0579315681203255,0.00759184692688673,0.0489713800184534,0
"2x2",0.824790475357646,0.12222810589512,0,0.0370385850902654,0.0159428336569691,0
"2x3",0.897120578055733,0.0725519161431847,0,0,0.0303275058010821,0
"2x4",0.852444826716894,0.0808317897080274,0.00243442500458843,0,0.0602697003780118,0.00401925819247832
"2x5",0.757983072236974,0.0413177439744921,0.0838772061853913,0.00787540202184723,0.10546656670479,0.00348000887650547
"2x6",0.532440434210492,0.00302424102821883,0.204350025387421,0.0429681420148306,0.16539567132441,0.0518214860346269
"2x7",0.949010493048496,0.00434448960288745,0,0,0.0466450173486168,0
"2x8",0.974271822717804,0.00060736566515267,0,0,0.015435297014094,0.00968551460294944
"2x9",0.899765869952911,0,0,0,0.100234130047089,0
"2x10",0.935116232151464,0.013038540005217,0,0,0.0515675267721113,0.000277701071208011
"2x11",0.964819523006826,0,0,0,0.0309734869021447,0.00420699009102906
"2x12",1,0,0,0,0,0
"2x13",0.247130745323109,0.0993049613837499,0.314588744552569,0.0754774637110816,0.149145399639902,0.114352685389589
"2x14",0.966350941105487,0.00399156270065391,0,0,0.0296574961938588,0
"2x15",0.967224622575497,0.0327753774245031,0,0,0,0
"2x16",0.746591367017107,0,0.102896853298131,0.0091101652723972,0.105188332315425,0.0362132820969394
"2x17",0.841759970074093,0.0112353572323924,0.00529753750148881,0,0.141707135192026,0
"2x18",0.744951035376394,0.000962887619549541,0.0693059268772347,0.0502681019550557,0.121534800681528,0.0129772474902386
"2x19",0.578886474495564,0.27666547895628,0.0255787540121191,0,0.0834079380137774,0.0354613545222596
"2x20",0.86002839670446,0,0.010582839925879,0.0191705808842714,0.0972431640539968,0.0129750184313926
"2x21",0.596041894463139,0.142238059816607,0,0.04357918306655,0.215298647077473,0.00284221557623183
"2x22",0.703510623393784,0.134737669554804,0,0.0473592256544258,0.0992175164844605,0.0151749649125257
"2x23",0.668605667999028,0.0686293369613185,0.113682701705797,0.0536185397440551,0.0676659116392399,0.0277978419505612
"2x24",0.723848130449584,0.0370197908275453,0.00166447933524745,0.00869220824510375,0.209455737385919,0.0193196537566003
"2x25",0.554165193138344,0.142730407110221,0.185581681041012,0.00921213287870657,0.101899176408194,0.00641140942352146
"2x26",0.654885841506614,0.0826389948051782,0.115716168313972,0,0.13437095363622,0.0123880417380169
"2x27",0.629630445634616,0.0373185335143456,0.0146083696288343,0.118464739847844,0.157774039619701,0.0422038717546579
"2x28",0.279182484704065,0.109406322865855,0.0451032591580396,0.0961766288478435,0.399565461728619,0.0705658426955776
"2x29",0.623865246964167,0.178098991721715,0.114424853900897,0.00642916762399404,0.0446035981412036,0.0325781416480237
"2x30",0.467534369157296,0.253403997805673,0,0.0649298959922292,0.148320761983289,0.0658109750615133
"2x31",0.399918460905117,0.148782121012663,0.181200192057395,0.0101198873786629,0.178936185079184,0.0810431535669774
"2x32",0.376678352986568,0.291446942169409,0.130579041905554,0.0504556310631928,0.0726832875258486,0.0781567443494281
"2x33",0.420299789279634,0.186940124051997,0.015742550655946,0.110568401987825,0.237658556166677,0.0287905778579205
"2x34",0.550946920667979,0.100137616972735,0.196142095961982,0,0.143487972332262,0.00928539406504165
"2x35",0.669644947587252,0.0598557533396774,0.162196291792214,0.0179825791655123,0.0623275873057662,0.0279928408095785
"2x36",0.344197149155536,0.100218772561913,0.371736736292235,0.000634408863473777,0.161501118291733,0.0217118148351088
"2x37",0.410524842066576,0.402592235082199,0.0261202813765166,0.0384873595290791,0.117316105629241,0.00495917631638903
"2x38",0.384821703242556,0.131178492374961,0.191634837176321,0.0635881718542492,0.168047577024039,0.060729218327874
"2x39",0.294447201389489,0.347434590073065,0.0978321404050635,0.0505841486079061,0.164923674254996,0.0447782452694803
"2x40",0.40015678195319,0.125497403657443,0.19988099891769,0.0172251675370226,0.165369384614517,0.091870263320137
"2x41",0.214394575053295,0.415804858661907,0.186805734761167,0.0439282104595766,0.106284714592273,0.0327819064717808
"2x42",0.409180052166377,0.255300161419894,0.180585182722412,0.0218653151336441,0.0970840092065564,0.0359852793511156
"2x43",0.247120980798943,0.155300639476126,0.365308563623403,0.0238181882679108,0.152581795816715,0.055869832016902
"2x44",0.229806307618457,0.435719955025848,0.0992115110983956,0.00248765355604401,0.193027657092063,0.0397469156091919
"2x45",0.316259960468039,0.317123185587091,0.184076117061008,0.05805214218922,0.111867908122652,0.0126206865719898
"2x46",0.302685635166656,0.155524345130356,0.216189270765151,0.0291917515505392,0.224098629993727,0.0723103673935704
"2x47",0.322933561550958,0.0780024224355877,0.265781768340856,0.0702840035679811,0.220743894719735,0.0422543493848819
"2x48",0.252249868366288,0.345198149137505,0.133115497750171,0.0276340169314122,0.198082336944665,0.0437201308699572
"2x49",0.320128872521718,0.266900353664632,0.135209949782408,0.0614491013997864,0.152525279786909,0.0637864428445455
"3x0",0.826612024451394,0.0586440653322347,0.00196641054416977,0.0022604305496888,0.0954685964990963,0.0150484726234169
"3x1",0.920616675545535,0.0679812328450084,0,0,0.0109350243264929,0.000467067282964155
"3x2",0.968497386001446,0.00853845507824533,0,0,0.0229641589203089,0
"3x3",0.921951056598144,0.0604245777896059,0,0,0.0176243656122505,0
"3x4",0.952047852337996,0,0,0.00225223084922659,0.0456999168127773,0
"3x5",0.912130357464631,0,0,0,0.0878696425353692,0
"3x6",0.980679626453885,0,0,0,0.0193203735461149,0
"3x7",0.941450756528455,0,0,0,0.058549243471545,0
"3x8",0.516062762601086,0,0.256292121129289,0.0477452262228108,0.126631784755914,0.0532681052909011
"3x9",0.922302258612602,0,0,0.00183812722000594,0.075859614167392,0
"3x10",0.983044348874362,0.00151377034403657,0,0.00251683225421363,0,0.0129250485273877
"3x11",0.954832018971558,0,0,0,0.0451679810284417,0
"3x12",0.825131153016602,0,0.0254455879814462,0,0.131213393570526,0.0182098654314263
"3x13",0.973163741278344,0,0.00432873169119004,0,0.0225075270304655,0
"3x14",0.68671540281057,0.00166725019412816,0.176266118469738,0.018634451197198,0.0991975931212658,0.0175191842071005
"3x15",0.948693933498027,0,0,0,0.0463268526879825,0.00497921381399034
"3x16",0.909221553923589,0,0.00251652623487744,0.00781775005804613,0.0716860937256521,0.00875807605783528
"3x17",0.856977045837493,0.00104180220020692,0,0,0.1419811519623,0
"3x18",0.876934793996439,0.0088795500906,0,0,0.0841744566921646,0.0300111992207964
"3x19",0.951221101599661,0,0.000893244974293816,0.035003255067294,0,0.0128823983587512
"3x20",0.828178432563519,0,0.000517738431347202,0.0770407558959741,0.0926128334871815,0.00165023962197869
"3x21",0.502740520167835,0.146087080658151,0.036163633359234,0.0026788347209676,0.267174430627266,0.0451555004665463
"3x22",0.874325863291881,0,0.00197037117428441,0.0672555287644928,0.0541343791454715,0.00231385762387
"3x23",0.786853381127937,0.0225128377036369,0,0.0425122801821379,0.136357187451284,0.0117643135350035
"3x24",0.512842166018268,0.117547401526257,0.190758775664471,0.0293130257276983,0.127565022669742,0.0219736083935634
"3x25",0.323086380777587,0.181131225870729,0.218323519609234,0.0236195593304218,0.229597806258561,0.0242415081534674
"3x26",0.408086183630378,0.157541129942908,0.26179952945782,0.0641980727043627,0.102202177155849,0.00617290710868258
"3x27",0.53013306687231,0.186551869293964,0,0.0459736885342411,0.172779111286863,0.0645622640126221
"3x28",0.425727527145079,0.306487521866252,0.0802779287281917,0.0825122341523746,0.104264405640008,0.000730382468095265
"3x29",0.57585553855673,0.0605355229690072,0.240932891746599,0.0113816221356313,0.0829726256840763,0.028321798907956
"3x30",0.406734346421762,0.0723782514455645,0.279544836137513,0.0354265804418003,0.141041384700374,0.0648746008529864
"3x31",0.443372642973692,0.0883668322427226,0.176526682936266,0.0889365067134565,0.169434443361184,0.0333628917726785
"3x32",0.618591330136,0.104849079934025,0.0978101228038795,0,0.13730623674323,0.0414432303828654
"3x33",0.489113909219727,0.0187796197396907,0.322275650140847,0.0364858925857964,0.0981808676429334,0.0351640606710063
"3x34",0.234284633968654,0.154054124914102,0.28093868124729,0.0554474700652913,0.174808115213527,0.100466974591136
"3x35",0.240858818828889,0.239985608162016,0.200355238877568,0.0512177718207311,0.17196652576235,0.0956160365484457
"3x36",0.534217106528559,0.172437712881964,0.0731424277296177,0.0513831745748588,0.107972916072448,0.0608466622125514
"3x37",0.326911274819503,0.230618464949096,0.175965073653338,0.0378877809095109,0.187311103881622,0.0413063017869304
"3x38",0.419560605378621,0.201835061081427,0.173632739922534,0.124557956084037,0.0539749757094567,0.0264386618239243
"3x39",0.319267506049499,0.144834895857007,0.232394011145835,0.0227880924012505,0.238286616454217,0.0424288780921912
"3x40",0.254936707603015,0.190291671070465,0.135683891852514,0.178224294104449,0.220100079029718,0.0207633563398392
"3x41",0.327556617654382,0.182724383519863,0.225300292284046,0.0407077484545272,0.176389829513736,0.047321128573446
"3x42",0.374253481462215,0.151793125916426,0.250452940504025,0.0822313266967631,0.107096047549829,0.0341730778707429
"3x43",0.354014234148444,0.160186136756091,0.186904182515611,0.0272291933833583,0.215103171199776,0.0565630819967193
"3x44",0.425304296418162,0.31997483256588,0.00190811174944832,0.0217106165140813,0.13736494039234,0.0937372023600887
"3x45",0.458700137786882,0.276317175079359,0.0793728951408992,0.0772103082437611,0.0116241178099016,0.0967753659391976
"3x46",0.488614912255262,0.130707219360274,0.0744657734391742,0.0361370630131496,0.197485214909987,0.0725898170221537
"3x47",0.40910202849051,0.298696549367809,0,0.121128812580108,0.142648909274253,0.0284237002873199
"3x48",0.705360946232077,0.0502823195369853,0.0070346418459813,0.0117563634250322,0.117802218137768,0.107763510822156
"3x49",0.303114629283394,0.230198009477949,0.221273181068916,0.0271666718473097,0.183362137201815,0.0348853711206155
"4x0",0.741355567207885,0.17805346787891,0,0,0.0805909649132043,0
"4x1",0.7820833821669,0.064576088778099,0.0779529854237866,0.0345875771647788,0.0407999664664353,0
"4x2",0.616830725191212,0.212763712046674,0.0410481006821329,0.00694581770313474,0.122411644376847,0
"4x3",0.8416168352815,0.0824997316143003,0,0,0.0696826495976407,0.00620078350655941
"4x4",0.995031629858035,0.00496837014196513,0,0,0,0
"4x5",0.955063489574927,0.0200398586915141,0,0,0.0248966517335591,0
"4x6",0.972032642316059,0,0,0,0.0279673576839414,0
"4x7",0.931797274425574,0.0136006539180274,0,0,0.0546020716563982,0
"4x8",0.996422064833588,0.00357793516641221,0,0,0,0
"4x9",0.918662884213311,0.0477176561148137,0,0,0.033619459671875,0
"4x10",0.928652223805588,0,0,0,0.0713477761944122,0
"4x11",1,0,0,0,0,0
"4x12",0.95247929928483,0.0232025067247119,0,0,0.0243181939904577,0
"4x13",0.98805247064221,0,0,0,0.0103293145370506,0.00161821482073929
"4x14",0.975662138256743,0.0041294188115578,0,0,0.0202084429316991,0
"4x15",0.890734917489674,0.0757918205738482,0,0,0.033473261936478,0
"4x16",0.92987421394045,0.00543138578971228,0,0,0.0646944002698382,0
"4x17",0.926884966388444,0.0154194158660069,0,0.0166727610417072,0.0010977117012207,0.0399251450026211
"4x18",0.909066630765412,0,0,0,0.0616951579877706,0.0292382112468177
"4x19",0.709916073108051,0.120016473293623,0.0271689861884282,0.0273575881409646,0.0999103216974992,0.0156305575714344
"4x20",0.949093241423009,0,0,0.0196157624074811,0.0289470786960626,0.00234391747344699
"4x21",0.76055590164066,0.0287008530454845,0.0788470882704372,0.000445108949220233,0.0961552661884541,0.0352957819057442
"4x22",0.667674951350405,0.161627452701942,0.0772751617701823,0.0264920459449478,0.0669229154382387,7.47279428466587e-06
"4x23",0.596798434828698,0.0400806803801316,0.254989058251018,0,0.0865349595631563,0.0215968669769962
"4x24",0.581470965595127,0.130678211307452,0.0428489125148846,0.0202503894823847,0.193460822501361,0.0312906985987902
"4x25",0.616775308075317,0.10345272034143,0.158510525668745,0.051575980032435,0.058069371480936,0.0116160944011377
"4x26",0.433211312121515,0.107261713951459,0.274494156041603,0,0.129822533963774,0.0552102839216494
"4x27",0.666947354725915,0.0213572720173518,0.154502053661828,0.0292878217985802,0.0836080062698622,0.0442974915264634
"4x28",0.485177988610252,0.172383870743295,0.180359146948876,0.0290415477847085,0.102869836180804,0.0301676097320647
"4x29",0.347374838196968,0.0447995051936009,0.302663600655492,0.0454908483194417,0.222418962873517,0.0372522447609808
"4x30",0.413232199667839,0.168757547167008,0.123912848491329,0.0150068124298191,0.180134930568308,0.0989556616756957
"4x31",0.0155444416550038,0.595247137527463,0.204048087116023,0.0384338621171427,0.129890447965766,0.0168360236186017
"4x32",0.252986072268005,0.266049049438434,0.219452611156133,0.031559342745656,0.111940455408766,0.118012468983006
"4x33",0.483456414374934,0.161038413471899,0.0828991884037885,0.0730283457712146,0.150670644405473,0.0489069935726902
"4x34",0.385077493361267,0.142366156971136,0.226514981877963,0.0163777925951218,0.162579928462153,0.06708364673236
"4x35",0.485808678820703,0.0904664140712791,0.184844238600317,0.0178191521939584,0.163647434311674,0.0574140820020689
"4x36",0.296899794635477,0.194053754222184,0.2393972040798,0.0846161035616035,0.14422296353403,0.0408101799669052
"4x37",0.447999766822649,0.12074635156657,0.0346941515084416,0.0928086862887697,0.243408710119366,0.060342333694204
"4x38",0.454108246168028,0.2940150157887,0.0461128798114268,0.017120942044706,0.149430157285652,0.0392127589014876
"4x39",0.214534791050658,0.451754945839691,0.250847980200362,0.0102942511127497,0.0530064178158116,0.0195616139807267
"4x40",0.320583093183077,0.141055796639145,0.24400296739068,0.0162866180486092,0.214284085312308,0.06378743942618
"4x41",0.430729476177112,0.184167692424304,0.0707156418808196,0.00813703168487718,0.25288083340143,0.0533693244314578
"4x42",0.32749809390245,0.201128664433597,0.233313109776189,0.0656477674441732,0.117097524584068,0.055314839859523
"4x43",0.567071900498793,0.0131647785972683,0.249452659297733,0.0331053591647498,0.0952050389471649,0.0420002634942908
"4x44",0.305541950608435,0.153508828908649,0.277875854011772,0.0847831942206252,0.114548998522908,0.0637411737276103
"4x45",0.403388252801619,0.259989227672452,0.14168037640536,0.0548805187089207,0.0788449611782385,0.0612166632334104
"4x46",0.460693953957796,0.158162035776127,0.216549533709967,0.0435951017320077,0.0674058495330521,0.0535935252910503
"4x47",0.391847520802242,0.277452010564383,0.0357239275040942,0.0850937834578783,0.148248901899188,0.0616338557722141
"4x48",0.188347874024795,0.291299524645721,0.276434742476092,0.0262739461450171,0.171489520922126,0.046154391786248
"4x49",0.296759460558296,0.332919474358167,0,0.111052448926699,0.200663913018561,0.0586047031382774
"5x0",0.662890170810621,0.204206361648353,0.0169528332166133,0.0692705952055535,0.0466800391188587,0
"5x1",0.855408488740992,0.000606260996132827,0.0585485919063153,0.0207633425150035,0.0548064956955681,0.00986682014598853
"5x2",0.98422668927018,0.00282115544889063,0,0,0.0115713713337453,0.00138078394718431
"5x3",0.971076525615838,0,0,0.00322243524884478,0.0257010391353175,0
"5x4",0.950852541932478,0.0176216568438999,0,0,0.0315258012236222,0
"5x5",0.986324024439159,0,0,0.00732108936612619,0.00452844535946138,0.0018264408352532
"5x6",0.670340939740054,0.0239466630515704,0.167909699471699,0.016667838708296,0.105933367804943,0.0152014912234369
"5x7",0.936581994492731,0.00140700679407185,0,0.0161917446698762,0.0458192540433212,0
"5x8",0.950928999787472,0,0,0,0.0490710002125284,0
"5x9",1,0,0,0,0,0
"5x10",0.999401556033577,0.000598443966422943,0,0,0,0
"5x11",0.971039547045954,0.0289604529540457,0,0,0,0
"5x12",0.999209449310918,0.000790550689082116,0,0,0,0
"5x13",0.921135670641028,0.0209874245853439,0,0,0.0578769047736279,0
"5x14",0.979478115161946,0,0,0,0.0205218848380539,0
"5x15",0.964132365040041,0,0,0.00444529828107532,0.0155640122865719,0.0158583243923115
"5x16",0.989633464713186,0,0,0,0.000468067285616881,0.00989846800119694
"5x17",0.945158852341105,0.0472866512972368,0,0,0.00755449636165855,0
"5x18",0.387640988068934,0.218122751816041,0.193783917023066,0,0.18888168120362,0.011570661888339
"5x19",0.752791195193849,0.0892807554444462,0.0121993249635688,0.0463895847248702,0.0993391396732655,0
"5x20",0.889982707747957,0.0104209325810893,0,0.0111430421528258,0.0380793145703848,0.0503740029477426
"5x21",0.752543917534527,0.13107490108379,0.0338708814739955,0.0183623786677325,0.0466838501060589,0.0174640711338968
"5x22",0.615195552058331,0.0682410458823816,0.168653968881955,0.00120025783890775,0.120285916862733,0.0264232584756916
"5x23",0.650520178072163,0.000686626690803402,0.263011847079925,0,0.0770745006086371,0.00870684754847154
"5x24",0.494093168987516,0.0750587836760062,0.193606951207805,0.0318902400608916,0.192959922833793,0.0123909332339881
"5x25",0.412302605485729,0.114887424315575,0.243267675986493,0.0346775152504159,0.141008382409281,0.0538563965525064
"5x26",0.549725920808825,0.0852097386991877,0.173409944968628,0.0385114378041615,0.0523361883530708,0.100806769366128
"5x27",0.506453199221217,0.260451628521948,0.0551939667468731,0.0412898264175972,0.131955276923048,0.00465610216931631
"5x28",0.495877865422206,0.00402704032391006,0.198771846425565,0.0299513299096201,0.179884578305339,0.0914873396133602
"5x29",0.454447856339633,0.0277989196146705,0.147815384279688,0.0747669250010607,0.245404955443564,0.0497659593213835
"5x30",0.554563781044777,0.000937331836067457,0.208843236789309,0.0477088337258904,0.149359024174697,0.0385877924292589
"5x31",0.397895375040883,0.132213779050596,0.120150542266538,0.143944613674821,0.167549656558153,0.0382460334090095
"5x32",0.438106520575384,0.225877377322918,0.098976954878067,0.0538043962064615,0.16539458561449,0.0178401654026787
"5x33",0.426616107956221,0.241336946908822,0.0883400971139227,0.0762236879679572,0.134182395582666,0.0333007644704114
"5x34",0.229050423074985,0.194610952187031,0.201958211430221,0.0202320281564078,0.275900039767684,0.0782483453836706
"5x35",0.290841650496136,0.107041165905691,0.323018883237173,0.0875266422971798,0.132496643812868,0.059075014250951
"5x36",0.376447816099038,0.207860143273057,0.180895555677039,0.0712885768272703,0.125474216234735,0.0380336918888606
"5x37",0.241119517839468,0.164861498984252,0.37166111902364,0,0.128516206330193,0.0938416578224468
"5x38",0.350354558390879,0.266410080653388,0.199765894736348,0.0440843973859227,0.0617915282291748,0.0775935406042879
"5x39",0.269560640762982,0.311743120340708,0.187000078630386,0,0.16111010482038,0.0705860554455433
"5x40",0.458275165747035,0.0866645383211016,0.178810707849017,0.0794259732549433,0.144517778467606,0.0523058363602978
"5x41",0.483545351634159,0.00896235815778633,0.197618124160412,0.0767020070320277,0.184770616453597,0.0484015425620176
"5x42",0.0619995673730581,0.385414781962502,0.193489457767922,0.132119424563124,0.171181535248996,0.0557952330843984
"5x43",0.239752241240701,0.218876391471894,0.30877575964183,0.0331318278658929,0.11955354023661,0.0799102395430728
"5x44",0.271114956246523,0.209731122176064,0.305333822892729,0.0885949470733857,0.108781025266809,0.0164441263444902
"5x45",0.314872166522316,0.308374891445513,0.220211529620444,0.0371368638869359,0.108427151326738,0.0109773971980533
"5x46",0.38565418871009,0.305143705814491,0,0.0853670475201652,0.190629955159948,0.0332051027953066
"5x47",0.493444248985286,0.104547263517579,0.116745565810648,0.0468724627093164,0.177340528971656,0.061049930005514
"5x48",0.453825508258781,0.108921047239426,0.204018442256252,0.0272222699072017,0.171818200392701,0.0341945319456379
"5x49",0.445341742604767,0.263454947021941,0,0.0227563588215297,0.225500935173307,0.0429460163784552
"6x0",0.800696623878914,0.152217175160087,0,0.00739249047098162,0,0.0396937104900174
"6x1",0.807962156909449,0,0.0800936116003819,0.00227477751392213,0.102285314316402,0.00738413965984459
"6x2",0.965140736790455,0,0.00233978204830485,0,0.031736461329718,0.000783019831522338
"6x3",0.954663117541889,0,0,0,0.0453368824581106,0
"6x4",0.948782052180742,0,0,0,0.0512179478192579,0
"6x5",0.921462240996482,0,0,0.00298936447196693,0.0754605630922032,8.78314393481391e-05
"6x6",0.841105650091862,0,0,0.037749184574958,0.0936476106694314,0.0274975546637482
"6x7",0.449153735155793,0.120154748919265,0.217171645094993,0.0218888840328682,0.152878714450656,0.0387522723464244
"6x8",0.969637273304292,0.0303627266957082,0,0,0,0
"6x9",0.933592699693922,0.00392865697708387,0,0,0.0624786433289937,0
"6x10",0.964042889303245,0.00718945605741386,0,0,0.028594647690286,0.000173006949055334
"6x11",0.874998580049216,0.0235036791495406,0,0,0.101497740801244,0
"6x12",0.967438313906538,0,0,0,0.0203362682180534,0.012225417875409
"6x13",0.980432440882082,0.00376422257489519,0,0,0.0158033365430232,0
"6x14",0.545199630267851,0.00823648651633149,0.195367705859693,0.0711354808127082,0.121329925563855,0.0587307709795613
"6x15",0.926014170626404,0,0,0,0.0739858293735962,0
"6x16",0.936127042951742,0,0,0,0.0638729570482581,0
"6x17",0.962754972982364,0.0120949498651099,0.00219257776754784,0,0.0229574993849784,0
"6x18",0.683450647539562,0.0123895416176616,0.118474428518035,0.0318964066102608,0.119091714328654,0.0346972613858261
"6x19",0.845139208495077,0,0,0,0.145972231059225,0.00888856044569799
"6x20",0.875167649640372,0.0810962686976654,0,0,0.0369137216006063,0.00682236006135616
"6x21",0.875074136345044,0.00548218218876952,0,0.052305412436669,0.0129820208888337,0.0541562481406841
"6x22",0.797645225947016,0.00961747986413251,0.0720170303633566,0.0152895236195426,0.105430740205952,0
"6x23",0.50126696392012,0,0.325730594991682,0,0.15143365411129,0.0215687869769087
"6x24",0.73163978038372,0.0598431412635275,0.0402001200033675,0.0748079048086884,0.0673689783178441,0.0261400752228525
"6x25",0.447896668038642,0.195457106387551,0.175306879557287,0.0517020102951232,0.0824842195764926,0.0471531161449038
"6x26",0.435780723806146,0.139107900167296,0.253856620975411,0.0228714113974482,0.0997176488366568,0.0486656948170418
"6x27",0.457898697243125,0.135022464852012,0.20547168262772,0.0379089463470027,0.118568110774198,0.045130098155943
"6x28",0.476114437283441,0.193884818252629,0.0810264798292604,0.108335396118556,0.111582833222204,0.0290560352939088
"6x29",0.447077149323837,0.192047825913558,0,0.0428937708062645,0.266753665333054,0.0512275886232869
"6x30",0.416528181794032,0.17032623206965,0.170632704567211,0.0930250479272313,0.125786241922504,0.0237015917193722
"6x31",0.594204007459316,0.0214180717269581,0.184602678729098,0.0441789373285687,0.126616321936069,0.0289799828199906
"6x32",0.19438598855892,0.198350917585282,0.254980666125256,0.0887935513414137,0.182316135487713,0.0811727409014143
"6x33",0.304466730813065,0.156732048392371,0.290906107059096,0.0389775581501772,0.147740910438616,0.0611766451466751
"6x34",0.336163253525284,0.149940781628628,0.173016443670758,0.139785897687771,0.177229365870261,0.0238642576172984
"6x35",0.442559672998253,0.175517713928395,0.117443150971374,0.0293439700318209,0.170352350169382,0.0647831419007753
"6x36",0.386762714878182,0.0943738163126052,0.146981358357973,0.041381173901549,0.282147689849255,0.0483532467004359
"6x37",0.344545017409872,0.249305477488613,0.0940403710758057,0.141205713241741,0.134916673223588,0.0359867475603805
"6x38",0.314486875807423,0.258898662125046,0.004468016183627,0.0743969206537321,0.256931445642492,0.0908180795876799
"6x39",0.653042146449634,0.0488667082878659,0.105942741484932,0.031172004745708,0.0928500615441362,0.0681263374877239
"6x40",0.318355509753995,0.243707215772018,0.255132349459019,0.0385206218860529,0.075818339622431,0.068465963506484
"6x41",0.215086701678889,0.222592890495992,0.355471346439214,0.00992892754343688,0.154949266947917,0.0419708668945512
"6x42",0.357258415268099,0.221911737529288,0.277004581450205,0.0679791079380366,0.0258440499383448,0.0500021078760262
"6x43",0.177140675231186,0.358993171556283,0.217863724917551,0.0399825270341466,0.183621142188954,0.0223987590718802
"6x44",0.518611587385828,0.099617475458303,0.231919193779789,0,0.102770935912829,0.0470808074632516
"6x45",0.35908574625162,0.199739135985395,0.182962573813197,0.0928178190274008,0.109908402526183,0.0554863223962039
"6x46",0.247945668141177,0.210472663135207,0.327508683442428,0.0678976517769107,0.107778140364559,0.0383971931397184
"6x47",0.341071378934715,0.217241926114932,0.182334543661868,0.00456717839093117,0.209704259988513,0.0450807129090414
"6x48",0.447329482330401,0.149851260077722,0,0.091824360505291,0.26659111362727,0.0444037834593156
"6x49",0.419665539375859,0.144914163398906,0.0997584670502358,0,0.260300182804709,0.0753616473702909
"7x0",0.838710399796638,0.137626169105867,0,0,0.023663431097495,0
"7x1",0.734921778433824,0.00144590806554167,0.0600132712513589,0.0683709644688707,0.133657289856727,0.00159078792367744
"7x2",0.952802502404841,0,0,0,0.0471974975951588,0
"7x3",0.40351663958719,0.0140783701794547,0.20116189749966,0.0949514537211667,0.248663739361563,0.0376278996509648
"7x4",0.495681677623471,0.000713875203593842,0.0138518751378342,0.107793765593727,0.321875783017515,0.0600830234238591
"7x5",0.96511396208132,0,0,0,0.0348860379186804,0
"7x6",0.988578321241513,0,0,0.000456715947419009,0.00950237938923509,0.00146258342183258
"7x7",0.989357827625097,0,0,0.00132399131607946,0.00286075326724476,0.00645742779157887
"7x8",0.988826436393349,0,0,0,0.0111735636066513,0
"7x9",0.944799608784054,0,0,0,0.0552003912159461,0
"7x10",0.996154596366635,0,0,0,0.00384540363336489,0
"7x11",0.934860312005775,0.0434368981282692,0,0,0.0217027898659562,0
"7x12",0.485841772069136,0.0162942371058229,0.180119716598646,0.069511025168014,0.186449587628296,0.0617836614300855
"7x13",0.95815744545323,0,0,0,0.0408354882979195,0.00100706624885028
"7x14",0.919575542117344,0,0,0.00258508187589377,0.0778393760067625,0
"7x15",0.995184537401761,0.00481546259823862,0,0,0,0
"7x16",0.943298204613284,0.0353930750099561,0,0,0.0213087203767604,0
"7x17",0.982985044706339,0,0,0,0.0134845455355919,0.00353040975806874
"7x18",0.946825884225043,0,0,0,0.0531741157749574,0
"7x19",0.713042840607919,0.0400409201501357,0.178045822603649,0.0394013665914617,0.0294690500468354,0
"7x20",0.535282135328183,0.32646077660654,0.0316847710367354,0.0241764191938363,0.0823958978347059,0
"7x21",0.569036515082851,0.215526431013387,0,0.0156876733547998,0.189424104430278,0.0103252761186839
"7x22",0.650310875183411,0.0519124857644871,0,0.0464039317239659,0.201245061548228,0.0501276457799081
"7x23",0.515159289468272,0.177713046216914,0.05429531403058,0.0474155460953386,0.187881020829067,0.0175357833598274
"7x24",0.79740906615167,0.071313460824602,0.0709982805839638,0.0221028693177854,0,0.0381763231219789
"7x25",0.431165285541105,0.156973959826016,0.149030819480907,0,0.237670462131092,0.0251594730208795
"7x26",0.30093986325814,0.0586530018349843,0.338876476373602,0.0222141417401384,0.170807926366861,0.108508590426274
"7x27",0.461694774743593,0.048621414202232,0.29382831177956,0.00360702021066612,0.167248288005895,0.0250001910580536
"7x28",0.356081145496823,0.0878184054327367,0.214580984314286,0.0779936992205729,0.134707536433493,0.128818229102087
"7x29",0.280118158075461,0.182046350276654,0.239346079621486,0.0815436748826072,0.15964504734927,0.0573006897945211
"7x30",0.379286476482007,0.18399253977729,0.0568583245439891,0.0981193440461608,0.244496684363546,0.037246630787007
"7x31",0.52382089142561,0.0848770832190014,0.174415468944579,0.0242886870092253,0.12298663454681,0.0696112348547749
"7x32",0.267454959949618,0.0978306249206223,0.31535267926778,0.0783915306975825,0.144018538152296,0.0969516670121012
"7x33",0.378258606414616,0.0299620820685415,0.334571110771035,0.00311756871072887,0.193245323619158,0.0608453084159199
"7x34",0.157813713814727,0.299731285037553,0.252804967384176,0.00192452652941914,0.191738828613801,0.0959866786203237
"7x35",0.339257212479956,0.128317927881115,0.226126027140068,0,0.193807084002175,0.112491748496686
"7x36",0.405276391447339,0.102957149974875,0.230583705276632,0.0224296811435724,0.17461436633833,0.0641387058192509
"7x37",0.265851357967591,0.0658356845202216,0.118008882875568,0.0759772479645881,0.391394191518784,0.0829326351532473
"7x38",0.210714282480797,0.227802795657511,0.260781751103903,0.099969397305476,0.124521017820858,0.0762107556314554
"7x39",0.647257446158724,0.00981679264595346,0.123189294559825,0.099139341053144,0.0966769584671099,0.0239201671152433
"7x40",0.209635386219726,0.421070005232312,0,0.140003565546388,0.144744783194687,0.0845462598068876
"7x41",0.345061972930925,0.27033734266775,0.134246487926865,0.020117228789972,0.123831115685101,0.106405851999387
"7x42",0.481025232156868,0.120110292789619,0,0.00185225624853787,0.258730055757579,0.138282163047396
"7x43",0.415497810934397,0.22789912783084,0.169653306948678,0.0188461250566165,0.108221839599079,0.0598817896303906
"7x44",0.291467039788352,0.283423902812059,0.137573299138443,0.0340230998556888,0.197128068915499,0.0563845894899583
"7x45",0.413968078391194,0.12918662860592,0.176462816350484,0.0163014324972081,0.244444439426253,0.0196366047289417
"7x46",0.263696913744997,0.00610541150043402,0.395248562575996,0.0916586533438579,0.20152195355944,0.0417685052752745
"7x47",0.226799390754285,0.26606574105014,0.220476125659393,0.011809946754606,0.19360820179097,0.0812405939906072
