"","mDCs","Macrophages","Mast","Monocytes"
"0x0",0.605631811817857,0,0.384077897198444,0.0102902909836997
"0x1",0.658337476470811,0.0172158332332672,0.319744149420165,0.0047025408757563
"0x2",0.508704211795516,0.00231742034502793,0.488750212732913,0.000228155126542372
"0x3",0.627315082488277,0.0231717488650205,0.316903036177805,0.0326101324688982
"0x4",0.506219527757462,0.00116236693346996,0.458495955111588,0.0341221501974798
"0x5",0.551509469028227,0,0.408839973606153,0.0396505573656199
"0x6",0.54058532303115,0.0339078703376553,0.408848445397771,0.0166583612334243
"0x7",0.48516593638451,0.000345392607845716,0.501626147622065,0.0128625233855794
"0x8",0.405826801097952,0.0202693375507838,0.552450087786166,0.0214537735650976
"0x9",0.465163481129184,0.00187503900282004,0.510756193859553,0.0222052860084426
"0x10",0.589525907439417,0.00714763390382198,0.380655611696575,0.0226708469601856
"0x11",0.481206454560728,0.0235354276441148,0.462141437556338,0.0331166802388192
"0x12",0.560410652184952,0.0174003175606611,0.411114409294796,0.0110746209595911
"0x13",0.479228793934415,0.0188983386244177,0.489681466584108,0.0121914008570588
"0x14",0.550057224860208,0.000910439824152905,0.446945253830128,0.00208708148551089
"0x15",0.501822651788857,0.0136730012159078,0.440217750869986,0.0442865961252485
"0x16",0.552705955085849,0.037674230365324,0.364420399534331,0.0451994150144955
"0x17",0.562941175779383,0.0260368087906664,0.408750525918803,0.00227148951114773
"0x18",0.547931832403989,0.0305767566125549,0.395402153531671,0.0260892574517853
"0x19",0.462512002866552,0.0312665024849325,0.505938448492818,0.000283046155696634
"0x20",0.522895680748504,0,0.442311155795107,0.0347931634563894
"0x21",0.557161730175784,0.021027970468188,0.421810299356028,0
"0x22",0.353630139192461,0.0736270161961202,0.540752356722412,0.0319904878890076
"0x23",0.575937318560127,0.0713089731419827,0.335765695465022,0.016988012832868
"0x24",0.547026380014091,0.0283820432052149,0.404801150923385,0.0197904258573091
"0x25",0.469993480076292,0.0551187888062583,0.454852599818141,0.0200351312993085
"0x26",0.612234380886817,0,0.363838875326798,0.023926743786385
"0x27",0.624390241712103,0.0203158341183486,0.350338272622019,0.00495565154752955
"0x28",0.546321338084728,0.0193844479242784,0.401114100151538,0.0331801138394557
"0x29",0.665090063384031,0,0.326981559127046,0.00792837748892293
"0x30",0.496371080990167,0.106607742287287,0.381515349883963,0.0155058268385826
"0x31",0.58152301878241,0.00655260023233175,0.404299734132158,0.00762464685310098
"0x32",0.550492019785488,0.0392420634550386,0.394951347632086,0.0153145691273873
"0x33",0.55430682470821,0.0150343257217202,0.430658849570069,0
"0x34",0.456744517755038,0.0207485221818184,0.519723818944732,0.00278314111841152
"0x35",0.637666771979989,0.0161336828948237,0.337812314182906,0.00838723094228126
"0x36",0.479337832765732,0.039798010256965,0.474176685451367,0.00668747152593614
"0x37",0.474817753588383,0.0862350939685548,0.437649632775104,0.00129751966795848
"0x38",0.473826771802,0.079851510352071,0.392882537171164,0.0534391806747649
"0x39",0.628860234092917,0.000842385829093134,0.354035945029847,0.0162614350481436
"0x40",0.60086699226375,0.0444621136498137,0.35086492748129,0.00380596660514611
"0x41",0.588925566810622,0.031787003256207,0.29977267301261,0.0795147569205614
"0x42",0.519879167939591,0.0191845993944452,0.430094392094582,0.0308418405713815
"0x43",0.481814997442376,0.0784909480263594,0.41782611879297,0.0218679357382944
"0x44",0.608993297460712,0.00624073335036036,0.355308941878523,0.029457027310405
"0x45",0.528484665843148,0.077955300469316,0.390733671008598,0.0028263626789383
"0x46",0.511438008519096,0.047635729482159,0.419245410736802,0.021680851261943
"0x47",0.576574169416327,0.00479288769835791,0.37899422583328,0.0396387170520347
"0x48",0.562685408578234,0.0219000342408474,0.387573936925475,0.0278406202554437
"0x49",0.58680281604045,0.0651559565013565,0.339023581751221,0.00901764570697251
"1x0",0.53771589019509,0.00154546734123583,0.446048998180495,0.0146896442831786
"1x1",0.496749049111836,0.0339898821362213,0.469261068751942,0
"1x2",0.565199251225655,0.0441218355984343,0.390591564460002,8.73487159088619e-05
"1x3",0.556355844416353,0.0564527817046054,0.360353799354831,0.026837574524211
"1x4",0.479990069749846,0.0748723399641311,0.400016437068955,0.0451211532170682
"1x5",0.610165133920901,0,0.361453190920309,0.0283816751587904
"1x6",0.557298816836496,0,0.440910234808675,0.00179094835482911
"1x7",0.562860442417441,0,0.413176710354682,0.0239628472278776
"1x8",0.512362774546692,0.0366931767760232,0.439188349143284,0.0117556995340006
"1x9",0.475922910235989,0.0473189319457571,0.476758157818254,0
"1x10",0.654764632334332,0.0620933171551306,0.256745742976316,0.0263963075342215
"1x11",0.49920185204716,0.0439315754126638,0.456104213580922,0.000762358959254469
"1x12",0.464408649538942,0,0.501332951803344,0.0342583986577144
"1x13",0.447159962237853,0.0461794628582567,0.469088682857193,0.0375718920466973
"1x14",0.554464326301268,0.000171999277137918,0.417536318221087,0.0278273562005065
"1x15",0.493090663274559,0.0467157946313254,0.426768926190409,0.0334246159037067
"1x16",0.423914133543086,0.00772231782960133,0.526336174474312,0.0420273741530001
"1x17",0.48202138680475,0.0320811366664292,0.485001792273513,0.000895684255307842
"1x18",0.419960341141274,0.0486807611714825,0.5306470449855,0.00071185270174404
"1x19",0.577832406556381,0.0226209513041877,0.391073110405393,0.00847353173403866
"1x20",0.635206834886671,0.00937969289692031,0.344533816533059,0.0108796556833488
"1x21",0.563676224448935,0.0339752732925765,0.358573125973101,0.0437753762853884
"1x22",0.469240702950985,0.0418604740322424,0.485080441367925,0.00381838164884832
"1x23",0.60884073633823,0.0224052652788145,0.356549728148484,0.0122042702344713
"1x24",0.571316003741123,0.0284809491735043,0.392316998065975,0.00788604901939751
"1x25",0.483735655926273,0.0712566894947186,0.444812738368117,0.00019491621089126
"1x26",0.471401635692241,0.0127578587001282,0.394567911476317,0.121272594131313
"1x27",0.579229292470113,0.0128917103148314,0.367166318919815,0.04071267829524
"1x28",0.541123025009233,0.0613859044804678,0.383423775891113,0.014067294619187
"1x29",0.545269782682464,0.0693131244678852,0.326695350363941,0.0587217424857098
"1x30",0.511268260897877,0.146381546406768,0.342350192695355,0
"1x31",0.513471970149312,0.0322275628526065,0.38554165664365,0.0687588103544322
"1x32",0.537836521518557,0.072544491531366,0.38804997986555,0.00156900708452718
"1x33",0.610890941671684,0.012623512326228,0.36880682451254,0.0076787214895477
"1x34",0.544943998042012,0.0153944403806192,0.426000800551607,0.0136607610257618
"1x35",0.611814050497243,0.03965549717518,0.348530452327577,0
"1x36",0.532880407133002,0.0617757020232446,0.405343890843753,0
"1x37",0.50535680557507,0.0427832612702502,0.398695459399668,0.0531644737550118
"1x38",0.591147546855829,0.0183992552852704,0.365737899432139,0.0247152984267616
"1x39",0.462155533867974,0.0866452657272296,0.387270945965492,0.063928254439305
"1x40",0.581907510650326,0.0457425225235183,0.370878451194311,0.00147151563184421
"1x41",0.65823324675839,0.0936785287985376,0.246853829466566,0.00123439497650669
"1x42",0.648942793118349,0.00116905432955973,0.334909358524327,0.0149787940277641
"1x43",0.602868884120636,0.0221731624873396,0.332033662320971,0.0429242910710538
"1x44",0.648038448464181,0.0123540475211302,0.339607504014689,0
"1x45",0.67530011637924,0.0125609616757877,0.276232064912263,0.0359068570327091
"1x46",0.498055310356424,0.0813127958800109,0.386822525040622,0.0338093687229434
"1x47",0.526349618052535,0.114417079607999,0.348660538856903,0.0105727634825634
"1x48",0.551969952120179,0.0137984980722608,0.429797003979,0.00443454582856045
"1x49",0.556239771337598,0.0351667488312413,0.398380028710217,0.0102134511209431
"2x0",0.516902283108805,0.0218327442852013,0.461264972605994,0
"2x1",0.557185551353162,0.00348305712654806,0.438800346724656,0.000531044795633934
"2x2",0.522335466371354,0.0652604686844256,0.41202973150095,0.000374333443270537
"2x3",0.534532321059505,0.0190435587996614,0.439922951566943,0.00650116857389118
"2x4",0.468242660840008,0.00295759350633364,0.479556763493573,0.0492429821600851
"2x5",0.498432694075478,0.00893474994515677,0.481598191394421,0.0110343645849446
"2x6",0.624831478615413,0.0290610714830947,0.321204620276759,0.0249028296247325
"2x7",0.512221376726303,0.0159169278933723,0.444413508911321,0.0274481864690043
"2x8",0.538309986688047,0,0.445576810114181,0.0161132031977715
"2x9",0.556978054439472,0.00327345330916542,0.429260780513997,0.0104877117373661
"2x10",0.480863230879196,0.0126828984581812,0.463694437925026,0.0427594327375964
"2x11",0.491110317449655,0.00327422371924693,0.461599048161324,0.0440164106697743
"2x12",0.513872113822294,0.0449573718450235,0.422834814853636,0.0183356994790463
"2x13",0.601278013042327,0.0396427985715508,0.304355645874525,0.0547235425115978
"2x14",0.547077248961225,0,0.432004298817436,0.0209184522213387
"2x15",0.518186238649719,0,0.473367889594146,0.00844587175613491
"2x16",0.502815006862492,0.000272385286541153,0.483844218911385,0.0130683889395811
"2x17",0.44042856989115,0.0447458174840055,0.514263498334091,0.000562114290752757
"2x18",0.542653754257544,0.04902849986886,0.402031725300231,0.00628602057336484
"2x19",0.495420465989456,0.0198464013256152,0.447424612000387,0.0373085206845411
"2x20",0.46380991014848,0.0062397889767265,0.528842576727879,0.00110772414691427
"2x21",0.439260312542611,0.0622476074074281,0.492395557909859,0.00609652214010134
"2x22",0.451909087068395,0.0417642332117156,0.497207497074913,0.00911918264497679
"2x23",0.518919548730688,0.0419733249108023,0.412047781126768,0.0270593452317415
"2x24",0.559178566252332,0.00207676493730759,0.438342171514223,0.000402497296138187
"2x25",0.573701686923711,0.0299769841680594,0.39632132890823,0
"2x26",0.572872214839315,0.0125210305360162,0.401833690160177,0.0127730644644918
"2x27",0.525218730545,0.0946790582369363,0.37597321317504,0.0041289980430235
"2x28",0.395445906995322,0.103184132395753,0.484586425361357,0.0167835352475685
"2x29",0.548714798179605,0.017136432883751,0.434148768936644,0
"2x30",0.539290778260912,0.0212341113948159,0.373187657794562,0.0662874525497101
"2x31",0.572053977279755,0.0148328872150465,0.388420311629985,0.024692823875214
"2x32",0.52164651584149,0.0377767207922331,0.388595804479167,0.0519809588871106
"2x33",0.516102575810922,0.0851605896192987,0.388729647291686,0.0100071872780936
"2x34",0.670111245897304,0,0.324221416618166,0.00566733748452945
"2x35",0.57095593901587,0.0173097219431981,0.399167163512709,0.0125671755282223
"2x36",0.644591944156901,0.00379125511354027,0.351069897164372,0.000546903565186723
"2x37",0.516261834101366,0.0494476365498789,0.394027513314296,0.0402630160344593
"2x38",0.629043413701998,0.0443070754792843,0.31025144652076,0.016398064297958
"2x39",0.523272526096415,0.046806327845844,0.396401745269952,0.0335194007877893
"2x40",0.561295057170783,0.00171365173310312,0.375235495473116,0.061755795622998
"2x41",0.590510948510001,0.0338344725321819,0.348088935305924,0.0275656436518928
"2x42",0.552422134786747,0.0474487425959532,0.395640582165232,0.00448854045206767
"2x43",0.645008528135825,0.0201665345914424,0.311675040171087,0.0231498971016457
"2x44",0.517888272941548,0.036016172225644,0.420377268651131,0.0257182861816771
"2x45",0.528577178765638,0.0792448461937248,0.390539586748448,0.00163838829219004
"2x46",0.559079504250621,0.0558150996512583,0.350578963059593,0.0345264330385278
"2x47",0.595413750784023,0.0389769949386134,0.361742353797428,0.00386690047993532
"2x48",0.548595403971872,0.0355685035277726,0.395700617506481,0.0201354749938736
"2x49",0.594500231304386,0.0441874322596355,0.33048080526025,0.0308315311757282
"3x0",0.585269152419517,0.0613857834198505,0.339934825242512,0.0134102389181207
"3x1",0.439220609169419,0.0550270394561628,0.481591454792618,0.0241608965818004
"3x2",0.608323897534706,0.00722434656865487,0.378515172991812,0.00593658290482704
"3x3",0.552936096358773,0.00032344666919399,0.446740456972033,0
"3x4",0.515609505920764,0.0548183635583608,0.412949514463904,0.016622616056971
"3x5",0.493171014671926,0,0.50467714961937,0.00215183570870465
"3x6",0.520026096071839,0.000359858041399983,0.440010158628301,0.0396038872584603
"3x7",0.549237329160825,0,0.441804123664025,0.00895854717514943
"3x8",0.683371642835378,0.0235914202338355,0.266819707248654,0.0262172296821316
"3x9",0.469454554905792,0.00282035211103267,0.477206102452733,0.0505189905304429
"3x10",0.474507537995703,0.027103320275547,0.444271054334809,0.0541180873939413
"3x11",0.518024171460614,0.000884310283712771,0.467742522890267,0.0133489953654067
"3x12",0.571315486469686,0,0.426979455073517,0.00170505845679661
"3x13",0.517064042382254,0.0179883316147326,0.458746302251413,0.00620132375160043
"3x14",0.609684700477727,0.00524806902628147,0.379066799813128,0.00600043068286346
"3x15",0.499830747801465,0,0.443380469673571,0.0567887825249636
"3x16",0.535863362390516,0.0484974038496392,0.400846813765869,0.0147924199939762
"3x17",0.49952114199463,0,0.494392255905342,0.00608660210002832
"3x18",0.457201643571874,0.00756036558880713,0.52491959836509,0.0103183924742292
"3x19",0.513541996472572,0.0246436075414331,0.439061603120192,0.0227527928658024
"3x20",0.517318636281157,0.0174316132266521,0.464724035517647,0.000525714974544822
"3x21",0.455248592561635,0.0210184229392488,0.49482372492632,0.028909259572797
"3x22",0.435846556845599,0.0464275513038371,0.517725891850564,0
"3x23",0.495794363600974,0.0313818552756351,0.471566834660624,0.00125694646276723
"3x24",0.588637373748558,0.0179068011595283,0.39052270704894,0.00293311804297377
"3x25",0.540183648357539,0.0403741392528933,0.41814030726893,0.00130190512063711
"3x26",0.665235020455303,0.0185053395577024,0.316259639986994,0
"3x27",0.484829302312857,0.0568869683081675,0.424224367675043,0.0340593617039327
"3x28",0.531569919124608,0.0742715925309201,0.392178051965795,0.00198043637867704
"3x29",0.594274730337726,0.0213005008312537,0.381151002150086,0.00327376668093345
"3x30",0.625136387651864,0.0460354791237738,0.328171204309699,0.00065692891466318
"3x31",0.638430047463576,0.0369935819270807,0.324576370609343,0
"3x32",0.525615991697311,0,0.437648113592563,0.0367358947101258
"3x33",0.620982055904757,0.0519975444489319,0.31989686384692,0.0071235357993908
"3x34",0.618372618445763,0.0470277776443962,0.28542445544059,0.0491751484692507
"3x35",0.551032654215353,0.058956357741179,0.334169873073088,0.0558411149703791
"3x36",0.530395681199016,0.0615657777268227,0.386490114189394,0.021548426884768
"3x37",0.549303488328915,0.0699505132462004,0.359006103143429,0.021739895281455
"3x38",0.525851710993887,0.130483420641949,0.336686456760971,0.00697841160319419
"3x39",0.586298638117975,0.0142566412168576,0.381277408463201,0.0181673122019668
"3x40",0.536044071394077,0.116350489149021,0.347605439456901,0
"3x41",0.597776614765963,0.0505443625069435,0.345343441799067,0.00633558092802723
"3x42",0.651723776893994,0.0610134049377647,0.281966709474348,0.00529610869389247
"3x43",0.597430804709765,0.0206269897531597,0.367672071938675,0.0142701335984003
"3x44",0.411461115066423,0.0575267655656174,0.4693008107606,0.0617113086073592
"3x45",0.516604664644449,0.0683826891191164,0.3396800619746,0.0753325842618345
"3x46",0.527066500719903,0.0120871862334507,0.422277862958467,0.0385684500881789
"3x47",0.506828843660508,0.112070701957672,0.363168121737006,0.0179323326448137
"3x48",0.492027771873146,0.00116606029176017,0.420451108266419,0.0863550595686742
"3x49",0.568216913336722,0.0445870360992285,0.377850381866913,0.00934566869713724
"4x0",0.550882817402338,0.00232348677308593,0.424425455919212,0.0223682399053644
"4x1",0.556842177401201,0.0026223608408715,0.440535461757927,0
"4x2",0.545016381606676,0,0.454451017837453,0.000532600555870811
"4x3",0.469801486831157,0,0.469149853440094,0.0610486597287492
"4x4",0.552163386599886,0,0.432564222124358,0.0152723912757557
"4x5",0.507879628195433,0,0.454068917572653,0.0380514542319143
"4x6",0.569054969821869,0.00103306858730453,0.399925420366159,0.029986541224668
"4x7",0.520118155627563,0.0303395544481382,0.441024919351153,0.00851737057314546
"4x8",0.527466817489272,0.00991853589090217,0.436110943686221,0.0265037029336046
"4x9",0.510578797521582,0.0017107790073272,0.450253015055581,0.0374574084155096
"4x10",0.506972840369394,0.000309419283165444,0.448151358506907,0.0445663818405337
"4x11",0.506686362968255,0.00329172824674697,0.454576494845004,0.0354454139399939
"4x12",0.483126881406615,0.00123227796556519,0.4965975398309,0.01904330079692
"4x13",0.56394686133294,0.000443979247812701,0.426874749031777,0.00873441038747033
"4x14",0.434391418569122,0.0435835127656293,0.504835057710069,0.0171900109551801
"4x15",0.560872216352032,0.000540382467832311,0.437870335064879,0.0007170661152563
"4x16",0.418149495168228,0.0416127516035667,0.528629754106529,0.0116079991216769
"4x17",0.501689383786929,0.0225374727581805,0.455906219033141,0.0198669244217489
"4x18",0.503083817275899,0,0.480541540046485,0.0163746426776168
"4x19",0.467919582800022,0.0560678751205632,0.442705755821831,0.0333067862575843
"4x20",0.490817741696804,0.0134342824517288,0.495747975851467,0
"4x21",0.405710592958199,0.069325368064023,0.518545018423402,0.00641902055437596
"4x22",0.507766907056539,0.0370327899225917,0.45520030302087,0
"4x23",0.612374909350129,0.0120328359718602,0.367342057519671,0.00825019715833931
"4x24",0.509341667391097,0.0454659343522217,0.402919961081046,0.0422724371756357
"4x25",0.607582783516851,0.0423323918181371,0.343032437572383,0.00705238709262948
"4x26",0.59665364115482,0.0033434863608014,0.368024877176314,0.0319779953080646
"4x27",0.633330216650347,0.0159796048426352,0.329126195844725,0.0215639826622925
"4x28",0.548146708800702,0.0578949892748195,0.377739427549646,0.0162188743748322
"4x29",0.620350436229219,0.0207192419365397,0.358930321834241,0
"4x30",0.519553541372908,0.043059543250296,0.386494047905594,0.0508928674712023
"4x31",0.525417542534945,0.09641889754186,0.370626202015957,0.00753735790723829
"4x32",0.533972869224438,0.0378541062085294,0.363584297256271,0.0645887273107615
"4x33",0.560330944941999,0.0785405867271947,0.346721651595141,0.0144068167356657
"4x34",0.589873930150975,0.0145546008132588,0.357294501675753,0.0382769673600133
"4x35",0.562992641419287,0.0196514843282839,0.390181932614433,0.0271739416379953
"4x36",0.550737045509146,0.0871464068228602,0.362116547667994,0
"4x37",0.488480290544648,0.0584275615872202,0.415228538011669,0.0378636098564636
"4x38",0.541848292481242,0.0344406382208189,0.379458334574568,0.0442527347233714
"4x39",0.63417684999159,0,0.36337209965665,0.00245105035176001
"4x40",0.615755739926986,0,0.374967200575029,0.00927705949798431
"4x41",0.405167074219892,0.0741069207080145,0.459793850620499,0.0609321544515951
"4x42",0.574293275460711,0.0949913182863143,0.323193443033412,0.00752196321956257
"4x43",0.604367816487317,0.0492169736049251,0.327486997346723,0.0189282125610353
"4x44",0.66198689132469,0.0211474318362198,0.309552449976449,0.00731322686264122
"4x45",0.559690233676716,0.0330305144849502,0.377306307596472,0.029972944241862
"4x46",0.535828575287153,0.0594815310870186,0.368692707240457,0.0359971863853708
"4x47",0.485970123210078,0.0677999072392292,0.412683013544072,0.0335469560066208
"4x48",0.614258520023622,0.0310423821164924,0.340166047422835,0.0145330504370506
"4x49",0.416526714993608,0.143566575098925,0.413811188403392,0.0260955215040755
"5x0",0.514322073579442,0.0425512040683706,0.44217944569483,0.000947276657357549
"5x1",0.53345380887607,0,0.46654619112393,0
"5x2",0.543630287069276,0,0.446559723329943,0.00980998960078133
"5x3",0.404794886478985,0.0312596396266908,0.536641479949396,0.0273039939449281
"5x4",0.526886326395505,0.0333955139955993,0.411498779788334,0.0282193798205616
"5x5",0.478959715383288,0.0433585932408044,0.456793617248104,0.020888074127804
"5x6",0.504419009237463,0.0551877539031526,0.438467407084321,0.0019258297750628
"5x7",0.541008545025069,0.0314678064312201,0.384962977906682,0.0425606706370288
"5x8",0.553786076029503,0,0.389520617065796,0.0566933069047009
"5x9",0.564362245329112,0.0214346618556566,0.413015193719,0.00118789909623222
"5x10",0.535888611948303,0.00402579092273952,0.422886239174909,0.0371993579540486
"5x11",0.534240781521129,0.0405004737418546,0.391269196532733,0.0339895482042838
"5x12",0.544785165299618,0.034277659074555,0.365299084277596,0.055638091348231
"5x13",0.520786182440664,0,0.458636239028504,0.0205775785308322
"5x14",0.523535859176586,0.018954823483984,0.435122289095903,0.022387028243527
"5x15",0.573826496613,0.0167771616112472,0.3699961982701,0.0394001435056522
"5x16",0.53146362681567,0.000751082941927644,0.407052871350285,0.0607324188921178
"5x17",0.502832339737657,0.00135237958882362,0.462043803471927,0.0337714772015927
"5x18",0.634460198545134,0,0.365539801454866,0
"5x19",0.499822314102919,0.0560317501086244,0.429545653692787,0.0146002820956693
"5x20",0.52866350019454,0.0109273604922843,0.432206801462437,0.0282023378507389
"5x21",0.513995053921238,0.0016618173136261,0.459980663118519,0.0243624656466172
"5x22",0.610556111757171,0.00340476992392619,0.385421469137069,0.000617649181833772
"5x23",0.623653920462252,0.00637259657298419,0.366416906420773,0.00355657654399128
"5x24",0.600341978817658,0.000736418656946863,0.387384378811239,0.0115372237141559
"5x25",0.63139151211111,0.0573317449899327,0.291685333251299,0.0195914096476585
"5x26",0.53158921855414,0.0298499616663139,0.36631111579918,0.072249703980366
"5x27",0.511882527793121,0.0350895166512541,0.441526446325448,0.0115015092301775
"5x28",0.614941649312374,0.00479792489556909,0.331723967598909,0.0485364581931485
"5x29",0.607377448841296,0.0287818927960431,0.348993614035732,0.0148470443269292
"5x30",0.562079360244005,0.0488534536754281,0.383600096219606,0.00546708986096099
"5x31",0.531532190101142,0.100262729120043,0.361267212220648,0.00693786855816683
"5x32",0.56921297821281,0.0413430871972029,0.385757658138908,0.00368627645107938
"5x33",0.480593516835108,0.086600765391523,0.395094413455835,0.0377113043175343
"5x34",0.560287574880371,0.0336166435504813,0.403757412104861,0.00233836946428718
"5x35",0.615614876332602,0.074481184249553,0.297604386179981,0.0122995532378637
"5x36",0.552451663373487,0.0691046574589208,0.371965905701775,0.00647777346581706
"5x37",0.754974779176596,0,0.206697987105609,0.0383272337177946
"5x38",0.565249317512152,0.0618121585529465,0.324905379788922,0.0480331441459801
"5x39",0.566172974058471,0.0231371300070983,0.37695506334093,0.0337348325935012
"5x40",0.488101149102011,0.0663467709096527,0.42416330164604,0.0213887783422959
"5x41",0.545260270084058,0.0711970665723023,0.378400268340876,0.00514239500276326
"5x42",0.560340271050635,0.11353527138671,0.311853165804017,0.0142712917586378
"5x43",0.635215832691601,0.0368760254760927,0.291162567200883,0.0367455746314238
"5x44",0.671750567407287,0.0473838786152175,0.280865553977495,0
"5x45",0.6097003348522,0.0271360328278853,0.363163632319914,0
"5x46",0.528669664589575,0.0476715184800213,0.40551067594861,0.0181481409817935
"5x47",0.51797180325295,0.0557348210196433,0.39813880735383,0.0281545683735772
"5x48",0.537595259945444,0.0614490784874829,0.395949415309645,0.00500624625742812
"5x49",0.494604839316434,0.0435113073555786,0.447382990250443,0.0145008630775441
"6x0",0.506218483286606,0.0414804513437776,0.451713288124216,0.000587777245400239
"6x1",0.430654665804479,0.0495845821744565,0.507118555696399,0.0126421963246662
"6x2",0.536274427469795,0.0293992720666257,0.429231186807553,0.00509511365602687
"6x3",0.453638127898548,0.0174670031023047,0.522658263758304,0.00623660524084343
"6x4",0.47774657071731,0.00950246653268584,0.468350396547541,0.0444005662024631
"6x5",0.554022132203012,0.0515785437900102,0.374324532476298,0.0200747915306793
"6x6",0.501423733714169,0.049457122421984,0.448092559895027,0.0010265839688194
"6x7",0.635422196142494,0.0140611557798289,0.317858774699598,0.032657873378079
"6x8",0.513119916249513,0,0.479943598224403,0.00693648552608443
"6x9",0.550817861779635,0,0.425758965123649,0.0234231730967155
"6x10",0.535608900101268,0,0.398728730555399,0.0656623693433329
"6x11",0.508720110018478,0.000779962568350154,0.483490675399236,0.00700925201393595
"6x12",0.546814764681094,0,0.447150595305627,0.00603464001327866
"6x13",0.503737466621585,0.0340555542922455,0.461468851846628,0.000738127239541501
"6x14",0.605356634705007,0.0435189399844458,0.323140445986818,0.0279839793237295
"6x15",0.537429611896771,0.00748896749429334,0.446375438824134,0.0087059817848021
"6x16",0.459528273222666,0,0.514800494919897,0.0256712318574364
"6x17",0.543471523231958,0.000453723975264678,0.449301678698061,0.0067730740947165
"6x18",0.547490034695605,0.00405830795450245,0.423614718723697,0.0248369386261956
"6x19",0.462472042927508,3.16623652786587e-05,0.480830577890261,0.0566657168169525
"6x20",0.486061485203224,0.0250795822511069,0.443516498435408,0.0453424341102608
"6x21",0.481248787410269,0.0331378247796186,0.439675835147007,0.0459375526631052
"6x22",0.552559009295474,0.0143851367604267,0.431927835796172,0.00112801814792771
"6x23",0.696799055869132,0,0.303200944130867,0
"6x24",0.543784921619038,0.0457708891072422,0.39975708285541,0.01068710641831
"6x25",0.505407999977957,0.0844065263662159,0.385067981013634,0.0251174926421935
"6x26",0.607490037359005,0.0487347395245756,0.336202928086405,0.0075722950300143
"6x27",0.593246485328453,0.0145001614566014,0.364181069838557,0.0280722833763887
"6x28",0.491611831121202,0.0842539131002329,0.424134255778565,0
"6x29",0.402589242864579,0.0241320848562079,0.520977412620669,0.0523012596585434
"6x30",0.584901463911586,0.0726010689974856,0.340210104930189,0.00228736216073969
"6x31",0.562118702275566,0.0356698923513721,0.394067865843045,0.00814353953001656
"6x32",0.561410699865506,0.0771216467799997,0.338402170658795,0.0230654826956986
"6x33",0.642880334396974,0.0243897913081528,0.31206376432409,0.0206661099707832
"6x34",0.560594669769918,0.102013023257869,0.337392306972213,0
"6x35",0.533196554332044,0.0181394544408867,0.439879409821046,0.00878458140602279
"6x36",0.462785084813118,0.041780427737295,0.485118513543341,0.0103159739062465
"6x37",0.583108748085377,0.0835814818315901,0.306636604385251,0.0266731656977827
"6x38",0.4595993283446,0.092425522363102,0.41980078350475,0.0281743657875472
"6x39",0.537322828193724,0.0254863384357385,0.390565503111835,0.0466253302587029
"6x40",0.62665526738068,0.0461058474164397,0.279454361446418,0.0477845237564621
"6x41",0.651822800331932,0.00387388589733738,0.326314323474713,0.0179889902960175
"6x42",0.598879608557204,0.101256021630834,0.284627017289404,0.0152373525225574
"6x43",0.630541946847226,0.0278581333910422,0.337508096650044,0.00409182311168711
"6x44",0.595055016755255,0.00260612471608445,0.379228270995691,0.0231105875329697
"6x45",0.565824351824914,0.108899202600931,0.315516285597526,0.00976015997662846
"6x46",0.695176553467803,0.0322632725482115,0.269069935813555,0.00349023817043067
"6x47",0.587559740546832,0.0129770727356078,0.39338871562384,0.00607447109372008
"6x48",0.478501471600688,0.0610362097104504,0.421417010248014,0.0390453084408483
"6x49",0.55245411435733,0,0.399369158776123,0.0481767268665472
"7x0",0.4981431496877,0.0322579412154063,0.452745408332376,0.0168535007645175
"7x1",0.578574688524935,0.035878860973302,0.383225532322018,0.00232091817974533
"7x2",0.554944457460248,0.0559529141396551,0.387475209270567,0.00162741912952976
"7x3",0.588861570493735,0.0192121385744787,0.372580752807857,0.0193455381239301
"7x4",0.388488771229214,0.0584695528869573,0.530751614551099,0.0222900613327302
"7x5",0.517576008731498,0.0359917743360255,0.437127890941984,0.00930432599049292
"7x6",0.480143785800049,0,0.481256444213947,0.0385997699860033
"7x7",0.563860363765982,0.00136143156126458,0.416448505516573,0.0183296991561803
"7x8",0.505583193987412,0.000591746083845918,0.483698476300363,0.0101265836283789
"7x9",0.545014787929682,0.000737761843937131,0.452999772346532,0.00124767787984841
"7x10",0.544107865043504,0.00515180390466949,0.436689936461485,0.0140503945903415
"7x11",0.592712648865434,0.00513706591071781,0.364425170326869,0.0377251148969796
"7x12",0.614062456816991,0.0318063581944839,0.324632815021475,0.0294983699670503
"7x13",0.550909522624586,0.00070683438779344,0.44690520711232,0.00147843587530071
"7x14",0.50458729331333,0,0.472466723525449,0.0229459831612216
"7x15",0.536648403750087,0.048119518380307,0.408992819383921,0.00623925848568411
"7x16",0.53096262199496,0.000821740475973338,0.417490236307751,0.0507254012213152
"7x17",0.555132672764369,0,0.444663823416117,0.000203503819513897
"7x18",0.577569713944375,0,0.404391144912199,0.0180391411434253
"7x19",0.634954514110054,0.00523927172278241,0.359806214167164,0
"7x20",0.475241371808277,0.0661468435265957,0.458126952137529,0.000484832527598762
"7x21",0.499508723752443,0.071540071624458,0.420577581023923,0.00837362359917614
"7x22",0.482846608571434,0.0551649548999778,0.431627692320483,0.0303607442081056
"7x23",0.505077252167344,0.0716293704495071,0.421419773509669,0.00187360387347909
"7x24",0.499805651418197,0.0192963893903937,0.457647743205555,0.0232502159858547
"7x25",0.565732892872066,0,0.429740245908694,0.00452686121923949
"7x26",0.672835442275888,0.0163863789186401,0.235689951668639,0.0750882271368329
"7x27",0.632038686896863,0.0048636913090735,0.349232530317323,0.0138650914767404
"7x28",0.483215888483333,0.0731329645703312,0.350054705833058,0.0935964411132772
"7x29",0.633684502627486,0.0938617286671021,0.263324141200157,0.00912962750525503
"7x30",0.408615080192102,0.10968131391683,0.449541621290852,0.0321619846002165
"7x31",0.625954485102689,0.0173671891716861,0.314156445702952,0.0425218800226727
"7x32",0.622576915862439,0.0528691954242817,0.284898109892944,0.0396557788203358
"7x33",0.669998120927255,0,0.319850664258621,0.0101512148141238
"7x34",0.597667357013172,0.000123904811919248,0.351373732122533,0.0508350060523759
"7x35",0.614333732367839,0,0.32560207627898,0.0600641913531817
"7x36",0.575338754633868,0.039446647668724,0.356368266175602,0.0288463315218059
"7x37",0.455093352776709,0.0488595030885493,0.460942670355178,0.0351044737795642
"7x38",0.585032780882558,0.0863469300164241,0.30255176097834,0.0260685281226785
"7x39",0.604677324094825,0.0705260144927101,0.310118895142102,0.014677766270363
"7x40",0.407338567976392,0.134537985187496,0.407813438379723,0.05031000845639
"7x41",0.43896216604801,0.0511817105171815,0.435973909627145,0.0738822138076639
"7x42",0.42118983438608,0.0541297648182324,0.444919881132432,0.0797605196632554
"7x43",0.614392039406575,0.00619891387750518,0.343243836565149,0.0361652101507711
"7x44",0.526896776102172,0.0379096658191182,0.411523832029345,0.0236697260493644
"7x45",0.56169132212607,0.00652495589526644,0.429436066010865,0.00234765596779895
"7x46",0.686932076488668,0.030075152263343,0.282826137869441,0.000166633378547835
"7x47",0.617823022489889,0.0190947149567887,0.335194207608626,0.0278880549446964
"7x48",0.508228668970149,0.0938293877125634,0.397134173547852,0.000807769769436568
"7x49",0.51484253947934,0.0398048588001464,0.415828745369395,0.0295238563511191
"8x0",0.491317145011717,0,0.487666238404173,0.0210166165841103
"8x1",0.47652432487656,0.0282162812719413,0.459372453249485,0.0358869406020132
"8x2",0.475888376986291,0.0191751310860546,0.478154974815995,0.0267815171116595
"8x3",0.549686606602546,0,0.43477061696515,0.0155427764323039
"8x4",0.492102289383233,0.000443044464258088,0.500187765436241,0.00726690071626771
"8x5",0.536556171666035,0.0224623364259329,0.423317471094048,0.0176640208139846
"8x6",0.534914538688513,0.000172488863940083,0.430486449203591,0.0344265232439564
"8x7",0.44086249872978,0.0253285871281582,0.516798580675455,0.0170103334666067
"8x8",0.518167190223586,0,0.419299078913885,0.0625337308625284
"8x9",0.562406606282593,0.00125208902242022,0.424237208955375,0.0121040957396123
"8x10",0.511421937573446,0.00273354657315806,0.438977353649296,0.0468671622041006
"8x11",0.573276224010567,0.0235305538967215,0.3767074247998,0.0264857972929115
"8x12",0.529993792473118,0,0.442333283240943,0.0276729242859394
"8x13",0.558771085170019,0.00827720203203196,0.40754099195512,0.0254107208428292
"8x14",0.54913085696179,0.00647681650444708,0.442955511548986,0.00143681498477659
"8x15",0.578820875475113,0.0027937820613089,0.402668447697574,0.015716894766005
"8x16",0.513373427670516,0.0550149828707008,0.420894712854652,0.0107168766041309
"8x17",0.55997586035047,0.00316654728420513,0.424588656852078,0.012268935513247
"8x18",0.542996797106715,0,0.453556825358678,0.00344637753460752
"8x19",0.525948801950801,0.0291008500510001,0.436344330564449,0.00860601743374927
"8x20",0.459287018703454,0.00644620778428759,0.466501261915311,0.0677655115969479
"8x21",0.583641884323324,0.0294460266836548,0.386912088993021,0
"8x22",0.439877590937043,0.0360466050988109,0.492292263873729,0.0317835400904172
"8x23",0.556790829702123,0.0112223887292218,0.426202882604592,0.00578389896406321
"8x24",0.446928095063541,0.0871509584572652,0.442892883729764,0.0230280627494298
"8x25",0.464244237553066,0.0723680237667669,0.462878885224245,0.000508853455921668
"8x26",0.522808213046971,0.00334250626667712,0.405618324300088,0.068230956386263
"8x27",0.584324331921734,0.0441431940506595,0.364799556257808,0.00673291776979788
"8x28",0.460485098999025,0.0509229634630087,0.449375100099556,0.0392168374384101
"8x29",0.505248422666624,0.139298709072404,0.332142693882313,0.0233101743786592
"8x30",0.650010286388219,0.0034325160392615,0.345727622445671,0.000829575126847757
"8x31",0.427885701387397,0.0630983299460047,0.456627331546605,0.0523886371199931
"8x32",0.713766012433027,0.0576772824062134,0.210829133645234,0.0177275715155251
"8x33",0.660768796703832,0.0491421087565673,0.290089094539601,0
"8x34",0.643698960283702,0.07603857141428,0.254074901348557,0.0261875669534614
"8x35",0.526174311158669,0.0415420339549286,0.373803772810057,0.0584798820763454
"8x36",0.581457371620657,0.0112148379160675,0.354759505318389,0.052568285144886
"8x37",0.563034098481106,0.0775798753921277,0.336543551245393,0.0228424748813737
"8x38",0.548243050310102,0.0169739541162839,0.398688947834782,0.0360940477388322
"8x39",0.521141601822633,0.00194260294395441,0.3973301406977,0.0795856545357124
"8x40",0.453729969483507,0.0719937908396004,0.467732777162342,0.00654346251455066
"8x41",0.590173329992996,0.0512797002151172,0.358546969791886,0
"8x42",0.595030586222695,0.061321229838828,0.327224723082427,0.0164234608560496
"8x43",0.626336990492457,0.0384462835961018,0.328234438786669,0.00698228712477231
"8x44",0.469035061197468,0.0866223547726878,0.411995101003955,0.0323474830258887
"8x45",0.545200227865471,0.07138241456337,0.368830916023299,0.0145864415478596
"8x46",0.562729009697214,0.0659071605892521,0.362970080056056,0.00839374965747767
"8x47",0.413808734977111,0.0968326728289663,0.453494899860022,0.0358636923339011
"8x48",0.441884296794,0.125843106715586,0.399928796783219,0.0323437997071956
"8x49",0.59943878254571,0.0476022636754946,0.325445534143968,0.027513419634828
"9x0",0.488677292208816,0.0115907950551518,0.490204404565863,0.00952750817016879
"9x1",0.48348677838309,0.0101737215160089,0.481099133010991,0.0252403670899102
"9x2",0.575199521281084,0,0.404255301159669,0.0205451775592474
"9x3",0.535039528314445,0.00286542587846094,0.432394132224362,0.0297009135827319
"9x4",0.468207685778918,0.050947497359725,0.480844816861357,0
"9x5",0.528937622507066,0,0.465036053502968,0.00602632398996631
"9x6",0.536807343084607,0.000523616936691668,0.454289277816099,0.00837976216260245
"9x7",0.526617172307023,0.00401164991201293,0.409812802412048,0.0595583753689153
"9x8",0.566391644594804,0.012027955577156,0.389976716249079,0.031603683578961
"9x9",0.500647296046402,0.0592533140988134,0.422050365714104,0.0180490241406811
"9x10",0.528523710659987,0.0231689949301169,0.416316153884783,0.0319911405251123
"9x11",0.488633643569645,0.0122249947881707,0.466224922748882,0.0329164388933017
"9x12",0.400353637633216,0.029841946877301,0.536971893461733,0.0328325220277505
"9x13",0.559392673000603,0.0101360898985841,0.36826363377209,0.062207603328723
"9x14",0.553106053492334,0,0.445210064499365,0.00168388200830118
"9x15",0.521294255119733,0.000920989095542266,0.46314891303143,0.0146358427532952
"9x16",0.502894843815298,0.0638730500983672,0.424412331992445,0.00881977409388961
"9x17",0.509120477178775,0.0285241193428385,0.431949821676642,0.030405581801745
"9x18",0.518844877076481,0.0402775720401455,0.43136599730223,0.00951155358114452
"9x19",0.575098958453147,0.00383749125649268,0.412813880689911,0.0082496696004496
"9x20",0.420111900066652,0.0812408568216227,0.453224401601556,0.0454228415101691
"9x21",0.519554128292908,0.0373804701315217,0.442218432241403,0.000846969334166894
"9x22",0.537112580565614,0.0141123603254004,0.446610217242138,0.00216484186684744
"9x23",0.505172836335738,0.0547114891615205,0.440115674502741,0
"9x24",0.63334528807519,0.0721075105098822,0.287041191301016,0.00750601011391205
"9x25",0.59738232783613,0.00547886985321575,0.374030372063707,0.023108430246948
"9x26",0.532831312229537,0.032260509333686,0.410042877408664,0.0248653010281128
"9x27",0.613666830444825,0.00966886395052999,0.368737518656583,0.00792678694806188
"9x28",0.543001433124374,0.0363977125380033,0.345796260949735,0.0748045933878882
"9x29",0.50370969137169,0.112611769984012,0.359627355182705,0.0240511834615937
"9x30",0.595716534537694,0.0450922044371538,0.359191261025152,0
"9x31",0.69789543174055,0,0.290299018275379,0.0118055499840711
"9x32",0.559918180252813,0.0948951944549999,0.326175206937851,0.0190114183543361
"9x33",0.763124566019809,0.0437658204786333,0.193109613501558,0
"9x34",0.639133070508584,0.103692373610448,0.250968229150148,0.00620632673082018
"9x35",0.512871038554351,0.0605278153699965,0.328523275208577,0.0980778708670757
"9x36",0.693484401323833,0.0128599295117704,0.292176898952675,0.00147877021172226
"9x37",0.532616728373519,0.0494813882670369,0.371246602806704,0.0466552805527404
"9x38",0.577070569418619,0.0480945255941286,0.309624669645714,0.0652102353415382
"9x39",0.564436730102284,0.0611418751928911,0.372438400660872,0.00198299404395226
"9x40",0.35906985152961,0.107679081086848,0.483101123464102,0.0501499439194396
"9x41",0.620470640506126,0.0198232225262162,0.325770192244863,0.0339359447227941
"9x42",0.726015248481642,0.00912697691633608,0.262918609639357,0.00193916496266494
"9x43",0.638578834371174,0.0177116957916563,0.330499179841189,0.0132102899959802
"9x44",0.613181233362682,0.038636116654714,0.348182649982604,0
"9x45",0.653092532098783,0.0268465748173093,0.315078232707868,0.00498266037603928
"9x46",0.637823780729561,0.040075177373019,0.321712993417138,0.000388048480281669
"9x47",0.616175062360573,0.0736730265920714,0.257170929117957,0.0529809819293991
"9x48",0.669052205046385,0.010832439892679,0.306298810837006,0.0138165442239297
"9x49",0.621933299891815,0.00525477307990582,0.338605813769931,0.0342061132583478
"10x0",0.564402136726588,0.00198662139396527,0.429575041355062,0.00403620052438447
"10x1",0.510502539732348,0,0.477107585622937,0.0123898746447145
"10x2",0.520527316762043,0.00150766628708343,0.47170043953758,0.00626457741329348
"10x3",0.511132446000518,0,0.480364786647588,0.00850276735189373
"10x4",0.517434940707238,0,0.464273180605606,0.0182918786871565
"10x5",0.507808592350744,0.0137315040096183,0.459107942991881,0.0193519606477563
"10x6",0.559020399360316,0.0194583125527208,0.396021818840733,0.0254994692462308
"10x7",0.51353978802476,0,0.441889351984283,0.0445708599909576
"10x8",0.53511135036125,0.0261070639792392,0.405935160169092,0.0328464254904192
"10x9",0.498560049948404,0.00183830382066203,0.451211980620168,0.0483896656107665
"10x10",0.55287072772792,0.0335547973515487,0.408578649769582,0.00499582515094987
"10x11",0.528840009365387,0.00402506268105164,0.455140179049976,0.0119947489035858
"10x12",0.46528073183793,0,0.492502336822353,0.0422169313397174
"10x13",0.454727056821409,0,0.521677499065242,0.02359544411335
