"","Ductal","Cancer","mDCs","Macrophages","Mast","Monocytes"
"0x0",0.0848166547502995,0.680271535512596,0.118432560543444,0.0691781467580214,0.0473011024356393,0
"0x1",0.0778428676081143,0.619391383059923,0.0869305848449554,0.212116372133596,0.00371879235341103,0
"0x2",0.149460861549762,0.753938893879738,0.0544502691528439,0,0.0391128008548762,0.00303717456277945
"0x3",0.0270866146672619,0.656884377661654,0.116844329760447,0.165347944800886,0.0337035765488748,0.000133156560875933
"0x4",0.0557253508696783,0.801382606488452,0,0.0730736177574638,0.0220382149977311,0.0477802098866743
"0x5",0.099099987701076,0.783182258327615,0,0.0998079338766401,0.0179098200946687,0
"0x6",0.12188476607683,0.794147286586536,0,0,0.0822327541986455,0.00173519313798868
"0x7",0.104390689760132,0.786943965030118,0.0134946052757705,0.0452427515939994,0.0434356889287219,0.00649229941125824
"0x8",0.0809384370239678,0.818695952525162,0,0,0.10036561045087,0
"0x9",0.099138298325548,0.830227607268196,0.0194842369296015,0,0.0511498574766547,0
"0x10",0.0389766240825718,0.842804027808837,0.0458759826574781,0.0494114897452535,0.0146265482908268,0.00830532741503277
"0x11",0.134518550722263,0.783029293200054,0,0,0.0561528885852551,0.0262992674924273
"0x12",0.127686258291738,0.785830832377168,0,0.0125858591406366,0.0556831539537186,0.0182138962367383
"0x13",0.182386342668506,0.741205495195069,0.000619947932258277,0,0.0757882142041667,0
"0x14",0.10779222846593,0.820483932640352,0.00222069081471094,0,0.0693709346814524,0.000132213397554832
"0x15",0.0881335984530937,0.809492199927924,0.0653740966572797,0,0.037000104961703,0
"0x16",0.151251578768501,0.778648363921846,0,0,0.0549369882340414,0.0151630690756115
"0x17",0.163098605263392,0.716716079371704,0,0,0.0963942990346089,0.0237910163302949
"0x18",0.310062055910715,0.513575716024505,0.0610542883213662,0.000519660919231634,0.078855719380806,0.0359325594433756
"0x19",0.0819280208361607,0.812189088082707,0.0445176757038692,0.0446329102660958,0,0.0167323051111673
"0x20",0.0615597491609334,0.790105622588083,0.0336119419685656,0,0.0631509387816122,0.051571747500806
"0x21",0.0333669021962082,0.699924704032044,0.137937536490789,0.0368787163681376,0.0918921409128213,0
"0x22",0.196579797443755,0.635408801363887,0.0316592556061545,0,0.0537111149079389,0.0826410306782644
"0x23",0.266676127099908,0.422868475934098,0.00779405276885631,0.237605499381419,0.0518017099912934,0.0132541348244259
"0x24",0.155418377638447,0.697337415875037,0,0,0.101524019455533,0.0457201870309827
"0x25",0.294542151130682,0.412025859197299,0.138801905649999,0.0800633974593261,0.0672518036254372,0.00731488293725644
"0x26",0.141025418561617,0.629853946410363,0.0719807548315218,0.0802684198115971,0.0768714603849008,0
"0x27",0.130288457023829,0.566247667380693,0.0310671593351423,0.187481383127814,0.0732764347062665,0.0116388984262544
"0x28",0.127824978758847,0.482305392034714,0.16058183153047,0.077853404625642,0.110878251664546,0.0405561413857811
"0x29",0.252372360455215,0.339691468913835,0.264813007912168,0.102549545674106,0.0358475503152784,0.00472606672939737
"0x30",0.321461141993253,0.43278018174444,0.0350177572627432,0.0636660542986868,0.0446937260952211,0.102381138605656
"0x31",0.123796428482568,0.609770271028468,0.147516507642767,0.0780175278890392,0.0395709585770201,0.0013283063801366
"0x32",0.113445805862416,0.472948436523534,0.269329521452262,0,0.110051943422514,0.0342242927392735
"0x33",0.106481949309619,0.699838512388662,0.151962399959518,0.00626697674016855,0.0166979345740839,0.0187522270279484
"0x34",0.10593411717613,0.513419440265825,0.0106772878922519,0.0838680755118926,0.269294704024381,0.0168063751295202
"0x35",0.0642677794353513,0.430485755037831,0.22577398151494,0.14603568344598,0.133436800565898,0
"0x36",0.152441326748976,0.478944794747066,0.0605864381571886,0.0962063419129755,0.206864538075245,0.00495656035854877
"0x37",0.227659498134633,0.385260096025246,0.139431683617201,0.101972704194264,0.110503641809555,0.0351723762191003
"0x38",0.322901121514215,0.390052976320998,0.0171512053491459,0.0989721391622894,0.0752008485600981,0.0957217090932545
"0x39",0.293822615943686,0.302449376576269,0.297796370327795,0.0493316796104332,0.0561060155815827,0.000493941960234377
"0x40",0.228623822613684,0.502495494375197,0.115621739666637,0.0462725512700444,0.0686145612782742,0.038371830796163
"0x41",0.287575056235711,0.180471038482505,0.208964553914029,0.182645798494688,0.059707042213478,0.0806365106595882
"0x42",0.208925075400922,0.304314799135174,0.19232110992436,0.0767886675626211,0.20381971365007,0.0138306343268526
"0x43",0.220128151025572,0.435556240834636,0.0776990586025531,0.151398170110774,0.0803525012803561,0.0348658781461086
"0x44",0.441921016988508,0.208239173290762,0.0758373371498483,0.152420853811662,0.12158161875922,0
"0x45",0.17469032162148,0.487599022926753,0,0.232974134291438,0.066428136916025,0.0383083842443032
"0x46",0.287001698767239,0.366692129640324,0.154785061114929,0.0568802922526595,0.130687473851677,0.00395334437317153
"0x47",0.37109299474015,0.232551040349987,0.134191801547538,0.188860280475483,0.0705606261531113,0.00274325673373007
"0x48",0.235031031740996,0.344572508126547,0.240669048284913,0.00625648737050737,0.113017554848835,0.0604533696282008
"0x49",0.321272463598519,0.400578712927598,0.00225227249168571,0.174102011503383,0.0543654072906981,0.0474291321881159
"1x0",0.160242723876975,0.773218047207062,0,0.0493332461101951,0.017205982805767,0
"1x1",0.227228730141394,0.695436809761864,0.03496226844904,0.00891746878475628,0.030373488298663,0.00308123456428335
"1x2",0.0639773594793139,0.789775302551206,0.0925978396195998,0.0122612131829603,0.00180102305689476,0.0395872621100251
"1x3",0.157804661238685,0.645364132566868,0.13804218886428,0,0.0410266171452515,0.0177624001849155
"1x4",0.147683114629036,0.787326884092825,0.00787237015477315,0,0.0571176311233657,0
"1x5",0.0359108392404779,0.897397775908079,0,0,0.0531287320119577,0.0135626528394851
"1x6",0.129329758994905,0.785461802471183,0,0.00848199417250059,0.0706960803340336,0.00603036402737723
"1x7",0.110640191777572,0.823490194655486,0.0036630467778876,0,0.0622065667890539,0
"1x8",0.181363543730824,0.737930558017298,0.013331318603238,0,0.0673745796486406,0
"1x9",0.111209639773367,0.82986224894883,0,0,0.0469313956036955,0.011996715674108
"1x10",0.0264186842900654,0.433896587488971,0.216607093803309,0.211539837119301,0.0351604553449516,0.0763773419534017
"1x11",0.155640937345287,0.767258303820766,0.0387267188583876,0,0.0339962008610762,0.00437783911448305
"1x12",0.236170712864671,0.643884663622444,0.0425156456194478,0,0.0753653516953962,0.0020636261980411
"1x13",0.0804267866224802,0.793868081673974,0.0550551720288135,0,0.0316248451968221,0.0390251144779105
"1x14",0.0661687110887973,0.820950755178195,0,0,0.0833985591165182,0.0294819746164897
"1x15",0.164439540422293,0.764039103237869,0.0119374396111354,0,0.0381410512293261,0.0214428654993772
"1x16",0.0860546430286064,0.647791652131045,0.0862041697505539,0,0.178844685347211,0.00110484974258375
"1x17",0.160537524106894,0.750976579191265,0.0643904639345254,0,0.0191449277347931,0.00495050503252245
"1x18",0.164720533636724,0.691780175960202,0.0721060360281727,0,0.0705496934920688,0.000843560882832844
"1x19",0.160336578838606,0.669579666489606,0.0555622071960607,0.0785700119462087,0.035951535529519,0
"1x20",0.114483617122729,0.608288997085631,0.00246394162333933,0.232482036985527,0.0371551500053313,0.00512625717744232
"1x21",0.277308905703423,0.604719967626816,0.0032182883100445,0.0180329658012474,0.0455767646525418,0.0511431079059274
"1x22",0.170750399828181,0.561552091295073,0.136141473390748,0,0.131556035485997,0
"1x23",0.0648591670424671,0.632407222178048,0.178713061232829,0.016787215266242,0.1026891163346,0.00454421794581432
"1x24",0.0254820168030347,0.736304151856195,0.160659526932945,0,0.0561482662393295,0.0214060381684956
"1x25",0.0824911591440018,0.594443298258789,0.104494170577108,0.129056224428117,0.0434500994928503,0.0460650480991344
"1x26",0.131141153192585,0.628537768465225,0,0.0566578735981941,0.044452407462477,0.139210797281519
"1x27",0.204880559432862,0.449152101318746,0.202140335622069,0.0810678535158119,0.059893681935339,0.00286546817517231
"1x28",0.229213967683534,0.530305364921792,0.0744182577072617,0.0623701508419129,0.0410045833797803,0.0626876754657194
"1x29",0.489837643873406,0.139431128279569,0,0.236720683293763,0.0693112144735078,0.0646993300797537
"1x30",0.177469064039674,0.445958958712663,0.246759822245239,0,0.0890486457633539,0.0407635092390698
"1x31",0.129347057697128,0.539597668781064,0.157371158767534,0.0650598346014112,0.0191825653924807,0.089441714760382
"1x32",0.292227185647578,0.340908543789923,0.110801741091454,0.227151741764813,0.0289107877062313,0
"1x33",0.103298869789464,0.528231603501014,0.251298962303262,0.0785288624959978,0.038641701910262,0
"1x34",0.231772206274048,0.407772308734217,0.165917204029872,0.0373716508900241,0.148519549848685,0.00864708022315456
"1x35",0.185076496267333,0.4023596898378,0.193891313573559,0.130259451551702,0.0764939008213196,0.011919147948286
"1x36",0.23095279352916,0.513407788935919,0.0414018131052977,0.0768386132834898,0.109957817650852,0.0274411734952807
"1x37",0.293761590762931,0.36096608632619,0.123813585073048,0.0142956929612017,0.11131632583477,0.0958467190418588
"1x38",0.233869966902841,0.408816874132578,0.131306672822435,0.125068323081404,0.089698155472763,0.0112400075879789
"1x39",0.0990360886429476,0.626611740092355,0.0604936020648296,0,0.117008441903161,0.096850127296707
"1x40",0.113027642493907,0.376245641316489,0.282776314946752,0.00682802718377516,0.186616899132272,0.0345054749268045
"1x41",0.139317811194682,0.334816413219943,0.0117627775751865,0.477177200477246,0.0163562581456795,0.0205695393872626
"1x42",0.243240479537443,0.344595066494352,0.362658314901371,0,0.0469502729132278,0.00255586615360627
"1x43",0.126188301807204,0.381196675363884,0.129310390759281,0.230431762913223,0.0664392203762676,0.0664336487801405
"1x44",0.26207106238505,0.256449301636713,0.330698062902113,0.0641917885042455,0.0849787636158495,0.00161102095602844
"1x45",0.165173378652821,0.431113941422435,0.325887791038849,0,0.0487016452763365,0.0291232436095579
"1x46",0.225233518861072,0.495774323536421,0,0.0554203684550282,0.120053823882607,0.103517965264871
"1x47",0.277366663279109,0.313047323319744,0.173274623704324,0.12705417494014,0.0534092747828594,0.0558479399738246
"1x48",0.364484467084819,0.429636586096231,0.121586030391599,0.0423089791315711,0.0368511765615202,0.00513276073426023
"1x49",0.147586532988813,0.519895674432201,0.212271351908172,0.0140376503028091,0.0997073477187343,0.00650144264927024
"2x0",0.0961784379399323,0.780989829794307,0.0202404256518366,0.0583860085802115,0.0368819898473668,0.00732330818634586
"2x1",0.0550273853129768,0.835534860243272,0.0808954903147537,0.00859089257675005,0.0187590471772628,0.00119232437498466
"2x2",0.136496505796023,0.793342592635358,0.00443859598420802,0,0.0314133163417542,0.0343089892426569
"2x3",0.150484661181982,0.823187549317995,0,0,0.026327789500023,0
"2x4",0.144039691438066,0.788303657208155,0.0155960400839092,0.0103081561392367,0.0417524551306338,0
"2x5",0.105707875267837,0.736368934215148,0.084314277758608,0.0592599410308936,0.0112553302121598,0.00309364151535377
"2x6",0.0703908480503549,0.518201509515118,0.124319346856892,0.199406049061075,0.087682246516561,0
"2x7",0.054425906951918,0.883764971620613,0,0,0.0618091214274688,0
"2x8",0.027488276536739,0.932014009146162,0.00756456713416243,0,0.0184217383734122,0.0145114088095247
"2x9",0.0242952083926092,0.89969330432507,0,0,0.0760114872823209,0
"2x10",0.0594958941532625,0.842232713732776,0.00137477691565968,0,0.0817506198313116,0.01514599536699
"2x11",0.103423694480489,0.821009667229615,0,0,0.0755666382898966,0
"2x12",0.00829735211072165,0.974630872777571,0,0,0.0170717751117073,0
"2x13",0.108976740939205,0.262586906808404,0.293610401062987,0.176944412481034,0.105786198910288,0.0520953397980822
"2x14",0.0606002949574129,0.880271789757207,0.00490806236348098,0,0.0495916985229383,0.00462815439896128
"2x15",0.0600398251765966,0.88977775118118,0,0,0.0438649089790409,0.00631751466318217
"2x16",0.0703272126367544,0.681777630193558,0.140382043453496,0.0182063967311438,0.0615274505723157,0.0277792664127314
"2x17",0.0619100828286781,0.839408292695338,0.0916057031910782,0,0.00707592128490615,0
"2x18",0.0654096991252186,0.689103074511757,0.0615007686914938,0.155617462407261,0.02836899526427,0
"2x19",0.278294965753069,0.563592198836308,0.0474469292390176,0.0405552920181132,0.0445372287899736,0.0255733853635188
"2x20",0.0801008908798643,0.793227808049371,0.0802569726280501,0.00471961034941492,0.0242339569353392,0.0174607611579607
"2x21",0.180444268368568,0.588688583919273,0.0662751053168729,0.000958419346416377,0.141248011562167,0.0223856114867029
"2x22",0.198969641805606,0.638525338568768,0.00707793951056409,0.10394759018944,0.0345976021784664,0.0168818877471549
"2x23",0.174714236109644,0.590236558706304,0.121552223457355,0.0442969137501704,0.0375227462318393,0.0316773217446881
"2x24",0.0719212735267541,0.721546897951275,0.107105541053704,0,0.0952326439236076,0.00419364354465917
"2x25",0.166316535033432,0.568400114032484,0.202725230162185,0.034956475995486,0.0266983969513362,0.000903247825077041
"2x26",0.14505157637206,0.615423897349027,0.161923735541058,0,0.0776007907378551,0
"2x27",0.0903622032693783,0.614808108771486,0.0236012084044903,0.161356910102832,0.0342650408374741,0.075606528614339
"2x28",0.129397233989467,0.328183428965347,0.0361604446103935,0.16445351301401,0.312626587797956,0.0291787916228259
"2x29",0.251906520763275,0.53430382803808,0.134319298195971,0.015256459412926,0.0533861481683284,0.0108277454214194
"2x30",0.283543651806613,0.487138920682635,0.0128923181217196,0.0170268000343881,0.0960074165524212,0.103390892802223
"2x31",0.164880296796138,0.393500958569135,0.300237029164637,0.0417222954427482,0.0920824344235716,0.00757698560377
"2x32",0.325444634330898,0.367021226547257,0,0.192527613222211,0.0373728441870946,0.0776336817125386
"2x33",0.171799893952527,0.480955504149701,0.0208759349851906,0.135876542642582,0.133885395875482,0.0566067283945182
"2x34",0.157416686923928,0.521542566585257,0.0849931422461822,0.163385562620057,0.0726620416245753,0
"2x35",0.109413692170654,0.621731991529546,0.192982564747406,0,0.0485685398827354,0.0273032116696597
"2x36",0.116101265562122,0.380188445984737,0.387550010628692,0.0635047441341945,0.0423864260559924,0.0102691076342619
"2x37",0.425794586885372,0.344211583069561,0.14566820880267,0,0.0843256212423972,0
"2x38",0.18111092084716,0.365925872292092,0.0722493698631255,0.246344287447251,0.129004666868744,0.00536488268162732
"2x39",0.364995467429072,0.295409547609591,0.112702332148182,0.166453062817651,0.0275252658712416,0.0329143241242622
"2x40",0.185795978767442,0.398441348944413,0.142322038013996,0.201796472614691,0.0074165876975789,0.0642275739618791
"2x41",0.436247106163035,0.236049822445336,0.135966157366807,0.187495225217988,0.00424168880683482,0
"2x42",0.263019827957511,0.414535936672856,0.187073381055005,0.0696772798343543,0.053716208031465,0.0119773664488079
"2x43",0.18789652212773,0.256111000923302,0.367164903546456,0.0894068040486113,0.0891677687299581,0.0102530006239419
"2x44",0.432476595745963,0.248694465086205,0.165699343200247,0.0429907022343918,0.108520334285838,0.00161855944735584
"2x45",0.325815676350723,0.314105673698747,0.193731144298999,0.0646559334884689,0.0951591327390227,0.00653243942403971
"2x46",0.202894839216518,0.308918620201553,0.27642411171955,0.0721108561024758,0.127900993135387,0.0117505796245163
"2x47",0.13413650172333,0.320175233498684,0.344456321910855,0.0392765418117722,0.133335590852931,0.0286198102024281
"2x48",0.321342778352122,0.279906891705913,0.139965987807727,0.0690091522315299,0.189775189902707,0
"2x49",0.318345815077299,0.31374896359526,0.000703147640561265,0.261127070104851,0.105970262473787,0.000104741108242892
"3x0",0.114538324910048,0.791926248568766,0,0.0395490935571531,0.0418871571071528,0.0120991758568801
"3x1",0.165708601553689,0.787879574753855,0,0,0.046411823692456,0
"3x2",0.0935548112334775,0.879233658748838,0.00208013623394566,0,0.0194947885202448,0.00563660526349425
"3x3",0.14660130758123,0.83426581966903,0.0184077372879865,0,0.000725135461753861,0
"3x4",0.0885012379526756,0.833739451912814,0.00207186842401648,0,0.0646676365660297,0.0110198051444643
"3x5",0.0801516773931422,0.866005780447102,0,0,0.0538425421597556,0
"3x6",0.0474186047721414,0.895840429612575,0.000591391759671131,0,0.0520340176141912,0.0041155562414215
"3x7",0.041654975821965,0.897657770164771,0.0116073406999711,0,0.0465524266633988,0.00252748664989406
"3x8",0.0366759958793885,0.532963260979405,0.161654095626982,0.207367106139825,0.0511461155621178,0.010193425812281
"3x9",0.0847211873130325,0.853328236719721,0,0,0.0510671885920113,0.0108833873752357
"3x10",0.140924526748957,0.786493978371525,0,0,0.0534096974807191,0.0191717973987983
"3x11",0.0378788172059365,0.884212443140691,0,0,0.0779087396533722,0
"3x12",0.0566868844097624,0.778141286054275,0.0304139357995418,0.0422919301688998,0.0908711211620675,0.00159484240545304
"3x13",0.0695858282647037,0.860947350575221,0.00222551829518052,0,0.0645107658933678,0.00273053697152685
"3x14",0.041093082395699,0.681766879415684,0.195081376070542,0,0.0475889296971349,0.0344697324209398
"3x15",0.0857120074429332,0.837592124004103,0.00548477891677639,0.0125977906798593,0.0581787390505405,0.000434559905787687
"3x16",0.0491630158217786,0.84466363541323,0.0688181326290891,0,0.0358785058491128,0.00147671028678909
"3x17",0.0521656218985474,0.858677465667309,0.00592100952256804,0,0.0832359029115752,0
"3x18",0.0915364438954331,0.823335041557969,0.0254386512972309,0,0.0317713277114056,0.0279185355379614
"3x19",0.115226032859519,0.779929455254716,0,0.0189628239505704,0.0479091750253653,0.037972512909829
"3x20",0.0855280060366036,0.748913718731253,0,0.11813351515569,0.0394239620025287,0.00800079807392476
"3x21",0.142109644369939,0.516039092249408,0.167314356796789,0,0.174536906583864,0
"3x22",0.0461954088838157,0.818243523698569,0.0373170070547755,0.0233594537297812,0.0402397352654712,0.034644871367587
"3x23",0.0836023136904598,0.715045009663638,0,0.116376800059287,0.0849758765866145,0
"3x24",0.151163299532902,0.514330852124051,0.128539542280318,0.153024978583043,0.0529413274796861,0
"3x25",0.198267004027164,0.363808582876247,0.307112347259679,0,0.130551842768701,0.000260223068209311
"3x26",0.200440404104067,0.423703972149595,0.208820207728739,0.166697001303239,0.000332261988624263,6.15272573617555e-06
"3x27",0.243576938279161,0.519803065985564,0,0.0714470297568589,0.104623089251423,0.0605498767269926
"3x28",0.34898390812989,0.411379314156702,0.0163080446380419,0.182890212835704,0.0404385202396625,0
"3x29",0.148079234197923,0.497075462541494,0.294528116595913,0,0.0434982201907301,0.0168189664739396
"3x30",0.17404885458135,0.382680138415698,0.21876424903038,0.201623437637217,0.0228833203353547,0
"3x31",0.132824440462054,0.443500647670878,0.172430174526887,0.154645865561841,0.0666666440366455,0.0299322277416948
"3x32",0.134179255238284,0.616263910645727,0.199043774604123,0.00185856320342923,0.00730111294640874,0.0413533833620275
"3x33",0.0789267856511645,0.479859650213739,0.311465702013357,0.0618910939561707,0.0476321267800123,0.0202246413855568
"3x34",0.189288192298679,0.243348043308312,0.279118990717452,0.153685438809129,0.093775486815101,0.0407838480513261
"3x35",0.252018864302723,0.236169632832906,0.213195974825549,0.114496216025956,0.125759274339093,0.0583600376737734
"3x36",0.23865879238027,0.462753176808204,0.0892613656054944,0.101199555749389,0.064953176685796,0.0431739327708465
"3x37",0.249905095718048,0.320272858990078,0.148244134064927,0.190398548642799,0.0911793625841478,0
"3x38",0.227449108753857,0.415225461200369,0.197929800605529,0.00766790951197393,0.0485731233948063,0.103154596533465
"3x39",0.125749492491752,0.365757587769424,0.22500945540673,0.0937696024063728,0.167458227446238,0.0222556344794825
"3x40",0.254973065516891,0.21928992406403,0.161359867773711,0.173083934462891,0.132750204831849,0.0585430033506287
"3x41",0.257881081592544,0.291714972056315,0.369074805035474,0,0.0525298991870148,0.0287992421286519
"3x42",0.246766802200542,0.359596134254527,0.144125569442178,0.207940156819754,0.0203625565947734,0.0212087806882253
"3x43",0.191297917517922,0.336843107919465,0.105266292250392,0.17881763307326,0.170355229811002,0.0174198194279599
"3x44",0.297120113716257,0.414688225667816,0.103665178919389,0,0.0888155038567624,0.095710977839776
"3x45",0.276931813489642,0.44580455831292,0.127977332650349,0,0.0155809033492602,0.133705392197828
"3x46",0.161315131311803,0.461794902883616,0.0786402033206195,0.121442451596854,0.167997710548296,0.00880960033881185
"3x47",0.342385760833227,0.383341339591156,0.0865779977976034,0.0117453035322827,0.0842746292694138,0.0916749689763177
"3x48",0.157114286139624,0.596811906822535,0.0770838506611119,0,0.0636284988553306,0.105361457521399
"3x49",0.289964779983589,0.335694726604297,0.278030348580267,0.0212657665723912,0.0342389554226689,0.0408054228367867
"4x0",0.189974083605134,0.730594314206126,0,0,0.0747352735033264,0.00469632868541335
"4x1",0.0987155245054126,0.747039057127892,0.111808918708647,0,0.0384945097700385,0.00394198988801058
"4x2",0.249575640876583,0.626405042017512,0.0179635174994614,0.0854891016480904,0.0205666979583535,0
"4x3",0.119177935764735,0.782250225898214,0.00129266597053838,0,0.0783549809460409,0.0189241914204715
"4x4",0.0641772679549596,0.930997612620385,0,0,0.00263065555035343,0.00219446387430208
"4x5",0.0807252068152455,0.877313263492966,0,0,0.0405704666863034,0.00139106300548523
"4x6",0.0229061527769453,0.926262585657961,0,0,0.0508312615650935,0
"4x7",0.0766782774392641,0.855803417327856,0,0,0.0675183052328797,0
"4x8",0.0462669334085621,0.923156620951399,0,0,0.0245799128061083,0.00599653283393037
"4x9",0.0914125919037179,0.834853203181232,0,0,0.0737342049150504,0
"4x10",0.0179757545050761,0.934570647752336,0.00514688936752351,0,0.0420437066344099,0.000263001740654171
"4x11",0.0475496998402964,0.883377073380477,0,0,0.0690732267792266,0
"4x12",0.0808590438215581,0.872858554214958,0.00132736887874809,0,0.0449550330847354,0
"4x13",0.0213419911071174,0.899817863246382,0,0,0.0757749813745875,0.0030651642719134
"4x14",0.0837554888551531,0.83068892336862,0,0,0.0855555877762267,0
"4x15",0.1172971672175,0.821098303206104,0,0.00168072566955486,0.0567486088575079,0.00317519504933305
"4x16",0.0533700536776491,0.868419526814122,0,0,0.0782104195082289,0
"4x17",0.103761213347907,0.795508780342687,0,0,0.0428477684578841,0.0578822378515221
"4x18",0.0362427902552136,0.852703488401433,0.0305224872080856,0,0.0454973479864545,0.0350338861488131
"4x19",0.155346956781972,0.646406826074196,0.0786328631690029,0,0.0813230349448119,0.0382903190300167
"4x20",0.132395010730641,0.814299612914924,0.00129108655149808,0.00181044341403547,0.0273119444124853,0.022891901976416
"4x21",0.0853348667597527,0.747695324612692,0.0963545033508317,0,0.0236237264192501,0.046991578857474
"4x22",0.222728817570513,0.615506274971339,0.0995430222419598,0,0.0322781573029487,0.0299437279132397
"4x23",0.0764491074107529,0.570225455436054,0.282861021746403,0,0.0704644154067908,0
"4x24",0.14778740732517,0.591679012106139,0.144282342478156,0,0.115875774219281,0.000375463871253919
"4x25",0.191041622604982,0.556477921954042,0.051054049976663,0.178187794315841,0.0232386111484725,0
"4x26",0.121306579848682,0.449147109051934,0.29858985368136,0.0268618378540264,0.0901844578863864,0.0139101616776108
"4x27",0.136850407566829,0.564072085291634,0.132011906449674,0.0897694384805048,0.0418262835206194,0.0354698786907393
"4x28",0.19893386561398,0.493158608903867,0.227760754500327,0.00428605501733098,0.0613510383353965,0.0145096776290982
"4x29",0.143984702952263,0.32997168444773,0.303835482905026,0.136752875234007,0.0779441681262447,0.0075110863347301
"4x30",0.184981325605856,0.431230220292928,0.175656397801987,0.00478668996988705,0.110549955378011,0.0927954109513301
"4x31",0.570793367806393,0.0790794197682059,0.285971962000403,0.00217909519502488,0.0421433395769077,0.0198328156530654
"4x32",0.262192835077478,0.2617173156888,0.270737544631685,0.0145420436032362,0.115728147462939,0.0750821135358621
"4x33",0.174182534533308,0.474502359979723,0.191391705923574,0,0.0842298151957889,0.0756935843676071
"4x34",0.195520214436747,0.392756293707997,0.302059438552472,0.0628131601033086,0.0468508931994748,0
"4x35",0.169080383512337,0.457512552826982,0.246036668132266,0.0610416513819362,0.0663287441464799,0
"4x36",0.231058080293858,0.307835687342902,0.278641039484382,0.0393969868971124,0.0836636605095598,0.0594045454721852
"4x37",0.176516269012899,0.408818097761836,0.0956782459589959,0.0899181760340249,0.169624913799865,0.0594442974323788
"4x38",0.33478390107725,0.437268751942163,0.105553374856895,0,0.0893200695156907,0.0330739026080005
"4x39",0.448530927983125,0.216752005387756,0.204164944907545,0.0876606823465667,0.0278588933310554,0.0150325460439523
"4x40",0.15732138189988,0.349321123378788,0.34877885075196,0,0.140710553186176,0.00386809078319664
"4x41",0.221925691832588,0.393143928961727,0.116319583619841,0.00296064018939191,0.265049921658033,0.000600233738418603
"4x42",0.199996635413327,0.382010060681329,0.29376109310092,0,0.0464325870532501,0.0777996237511737
"4x43",0.0741312551592207,0.541851603628782,0.20387873415613,0.129943469469445,0.0420990056571396,0.00809593192928201
"4x44",0.181210883631619,0.315070687475812,0.234887874110218,0.182731639572,0.0858615969773573,0.0002373182329939
"4x45",0.302153638770619,0.377879184488524,0.0962449449501937,0.140901196477154,0.0328793065050382,0.0499417288084713
"4x46",0.218635300564767,0.390389562132465,0.129515658172423,0.205497244071881,0.0478309852184557,0.00813124984000854
"4x47",0.254522268497499,0.409738535771559,0.103331575396668,0.0669461636319754,0.0807089318915318,0.0847525248107666
"4x48",0.259653955986717,0.254717241436772,0.268230619360494,0.12294639615502,0.0944517870609977,0
"4x49",0.356482296600439,0.327237035980474,0.0177933240022043,0.018403592060132,0.150491244761248,0.129592506595503
"5x0",0.222679753417217,0.663141929325652,0.0395799590001328,0.0224558884018265,0.0175601149389491,0.0345823549162224
"5x1",0.0285464765048249,0.81331451768794,0.102730828577643,0,0.0300070660409897,0.0254011111886024
"5x2",0.03914743831469,0.918266124304351,0.000251826456869406,0,0.0372563433914797,0.00507826753260975
"5x3",0.0559455822037364,0.836136644933758,0,0,0.10086989190129,0.00704788096121548
"5x4",0.0697837902030626,0.832651249172891,0.00179181813444746,0,0.0957731424895991,0
"5x5",0.033319016816377,0.894599583945964,0.00937401247156605,0.000347763693951395,0.0500598266498315,0.0122997964223096
"5x6",0.0924519023573521,0.670986947109027,0.187790377500348,0,0.0259392591460298,0.0228315138872435
"5x7",0.0607634339116494,0.86044783264901,0.0154016437038197,0,0.0516415983480985,0.0117454913874222
"5x8",0.0507491294931444,0.901692727113309,0.010294868365535,0,0.0372632750280113,0
"5x9",0.0598026159461691,0.934977409839328,0.00388097612333957,0,0.000740489656691238,0.000598508434472399
"5x10",0.0501137852451902,0.902857939922937,0,0,0.0470282748318726,0
"5x11",0.0770763085794126,0.855474909789132,0,0,0.0674487816314552,0
"5x12",0.0545335762422225,0.909130719811241,0,0,0.0235528442577864,0.0127828596887495
"5x13",0.0904042535971565,0.877468276279071,0,0,0.0321274701237729,0
"5x14",0.0721648862702742,0.835345347671276,0.00226486500563737,0,0.0830368287986507,0.00718807225416148
"5x15",0.0150702124101155,0.896437616500824,0.000986892007173139,0,0.0801161249405952,0.00738915414129204
"5x16",0.0200562298496414,0.935894509836589,0,0,0.0353934162507043,0.00865584406306479
"5x17",0.0826178479573522,0.833426339189355,0.00282432976155797,0,0.0811314830917345,0
"5x18",0.249917674791687,0.460756978064919,0.168889580016571,0.0980213424621939,0.0224144246646293,0
"5x19",0.137973720078068,0.708107317088431,0.0787313461894892,0,0.0751876166440117,0
"5x20",0.102727539111863,0.75255877951957,0,0.046042987887567,0.0559797723602985,0.0426909211207018
"5x21",0.143509150055434,0.727973782496875,0.0609395610491771,0,0.0447278634881076,0.0228496429104059
"5x22",0.140306906241254,0.581795372194636,0.0999505429530067,0.108874804545712,0.0641460637315516,0.00492631033383968
"5x23",0.0702298445022141,0.601867186033592,0.297614618341062,0,0.0302883511231317,0
"5x24",0.109013827811805,0.507948452594279,0.189083954049988,0.0890181968543066,0.0937259071987297,0.0112096614908912
"5x25",0.160471069809228,0.420877452879326,0.188774143157157,0.204892030720429,0.0249853034338604,0
"5x26",0.141439125455556,0.524082933664194,0.16331802709303,0.0541821733651323,0.029239896332957,0.087737844089131
"5x27",0.269034851261068,0.53828804397935,0.0783367357971183,0.043534730133759,0.0311321389757962,0.0396734998529086
"5x28",0.0438367901144159,0.470491236494284,0.17458702828798,0.112175003806325,0.13377348173231,0.0651364595646857
"5x29",0.06899471339893,0.461080905310829,0.161089998879817,0.154127944947413,0.132477620261274,0.0222288172017368
"5x30",0.049246263246697,0.555270178299407,0.217302395132108,0.0858186072731267,0.0638438183770743,0.028518737671588
"5x31",0.146140828052859,0.408048485497674,0.028574671331599,0.239590069501053,0.117056536904016,0.0605894087127987
"5x32",0.295921715266012,0.385316371529507,0.179924382595236,0.0160198112507416,0.108712061307992,0.0141056580505119
"5x33",0.230687858823773,0.408295515445286,0.101942885979205,0.0841364585988636,0.121483563723003,0.0534537174298697
"5x34",0.202404852939552,0.246288111260285,0.26389163201798,0.0683640126690377,0.217764832221341,0.00128655889180425
"5x35",0.163060379460587,0.28323532054315,0.189794030492648,0.257448022351818,0.0845223064571418,0.0219399406946559
"5x36",0.231455091975144,0.390973253273044,0.171755621844354,0.0892894092940182,0.0853422403705463,0.0311843832428931
"5x37",0.17203739436089,0.256397764875196,0.463743708422238,0.0283487183625675,0.0379643192621781,0.0415080947169293
"5x38",0.293140254383165,0.33555107092735,0.152695637759063,0.113561554736037,0.0243235211040812,0.0807279610903031
"5x39",0.33433245568859,0.295097562307223,0.232781535528327,0.046317704405333,0.0610444380014196,0.030426304069107
"5x40",0.0960308077100908,0.501516629453359,0.230553713196951,0,0.0929321997037924,0.0789666499358072
"5x41",0.081975496695247,0.475359454094216,0.282469148089971,0.0201780153842976,0.0764721530302885,0.0635457327059795
"5x42",0.384457645524158,0.0722421128239334,0.120880670711386,0.232262048877866,0.114894081282798,0.0752634407798587
"5x43",0.215163872090696,0.253189219153969,0.329791230379068,0.048727391052468,0.0750307033483791,0.0780975839754209
"5x44",0.252935042755328,0.299329020478371,0.200475790050564,0.218357173018199,0.0231865998084132,0.00571637388912473
"5x45",0.318439312475502,0.336571841563006,0.255867935913755,0.0479060257039903,0.0380805095944321,0.00313437474931521
"5x46",0.325092411468099,0.367282082643013,0.0745502580656014,0.0511161685947227,0.129032804936781,0.0529262742917826
"5x47",0.170202548463665,0.468008151504017,0.179620425342501,0.0803734791267653,0.074373890642526,0.027421504920526
"5x48",0.143317063059947,0.460465254145461,0.307573343066858,0,0.0760466508003589,0.0125976889273749
"5x49",0.348786140006956,0.423605688243163,0.0505476175980968,0,0.128139170421871,0.0489213837299124
"6x0",0.179287852924609,0.730101218779685,0.0033440575292942,0,0.0420395566285293,0.0452273141378833
"6x1",0.0809094342737484,0.737415875118237,0.109361958418733,0,0.064321887200334,0.00799084498894744
"6x2",0.0317640405783328,0.88019284753616,0.00217926057766352,0,0.0833498705226175,0.00251398078522599
"6x3",0.0418261285890478,0.910750859700325,0,0,0.0474230117106272,0
"6x4",0.0314173798974138,0.905292328752798,0,0.000941279435653859,0.0623490119141343,0
"6x5",0.0237826857025872,0.917077881377464,0.0187494019734253,0,0.0336353402020161,0.00675469074450712
"6x6",0.0144046931528515,0.798388305675911,0,0.102943545041349,0.0721873678479547,0.0120760882819336
"6x7",0.127146790106883,0.474834818678038,0.203356408658617,0.103092835203207,0.0805124597362388,0.011056687617016
"6x8",0.104103602901126,0.840997456019117,0.000730042395238086,0,0.0511432441323694,0.00302565455214942
"6x9",0.0491201834015168,0.889397032221777,0.00979204919926215,0.00293213482400488,0.0479776885359473,0.000780911817491809
"6x10",0.043008138911357,0.901365203724788,0.00183831413367411,0,0.0486928949015071,0.00509544832867424
"6x11",0.050600874746855,0.827472255447882,0,0,0.118451767998759,0.00347510180650418
"6x12",0.0263391309039977,0.911472897232619,0.00183461334160639,0.000889552958045293,0.0432492406664896,0.0162145648972424
"6x13",0.0675498941965777,0.902509130637916,0,0,0.0222727446514195,0.00766823051408681
"6x14",0.047531260270584,0.533659412181758,0.206396847304676,0.106188015900595,0.0390936201187086,0.067130844223679
"6x15",0,0.944818378625802,0,0,0.0551816213741979,0
"6x16",0.00944045493966597,0.880305239967224,0,0,0.103869299843098,0.00638500525001225
"6x17",0.0536397518122248,0.88003146225209,0.0140649232535101,0,0.0460049216530308,0.00625894102914399
"6x18",0.0885066797458627,0.64694074134795,0.0637325500112928,0.144060762130817,0.0506312471011385,0.00612801966293908
"6x19",0.122680958591954,0.758385309510924,0.0167171942228184,0.0105207962084409,0.0897610172509397,0.00193472421492321
"6x20",0.146903680411096,0.800889433061503,0.0208348809530513,0,0.0313720055743497,0
"6x21",0.0657916107943403,0.771649397837803,0.0120813072275985,0.000609744842278323,0.0672247086569856,0.0826432306409949
"6x22",0.0619787760227467,0.762334071161621,0.125608296262349,0.002606542409241,0.0291861397518421,0.0182861743922004
"6x23",0.0463856329843956,0.538966879219059,0.372114625795007,0,0.0371277409289399,0.00540512107259802
"6x24",0.181201040823084,0.622254487144908,0.0463996978152261,0.0601752406150372,0.0418808411518134,0.0480886924499309
"6x25",0.219373968956151,0.459058814200173,0.199619429300262,0.00433331700446973,0.0426212017404648,0.0749932687984796
"6x26",0.234489525723568,0.381162143170422,0.283483118086659,0.0401960144559481,0.0381826871880273,0.0224865113753751
"6x27",0.210280129010184,0.442816983775581,0.142940806887342,0.162404510731134,0.0233788144560029,0.0181787551397566
"6x28",0.209788234699533,0.46108004280981,0.166793222355856,0,0.0812080732512054,0.0811304268835955
"6x29",0.260625111506234,0.422704465252578,0.0454433294688497,0.000207826723904852,0.193919841705097,0.0770994253433363
"6x30",0.188734988712607,0.434811100733415,0.168515481530664,0.130854754881433,0.0385004074500353,0.0385832666918452
"6x31",0.0798245518064783,0.590196898668795,0.198276404583006,0.0880516077812142,0.0256803151678181,0.0179702219926882
"6x32",0.246391324343225,0.18532212650315,0.387878767507206,0,0.0836143358984804,0.0967934457479395
"6x33",0.213611322172132,0.286566719878164,0.182291613617124,0.224056937271908,0.0754123706259201,0.0180610364347522
"6x34",0.192783626962419,0.304308569243693,0.106433437277349,0.288518851163955,0.106497563982066,0.00145795137051924
"6x35",0.223206368183853,0.398944359409877,0.211177911718893,0,0.136835679109912,0.0298356815774648
"6x36",0.110917459986433,0.401976310239185,0.293678178952541,0,0.186896898575994,0.00653115224584659
"6x37",0.278718610537451,0.325817898610362,0.0246707292729223,0.252231102548708,0.0676647575970836,0.0508969014334739
"6x38",0.263468466496078,0.319441828255223,0.0104404835435094,0.164700506665565,0.197033773543193,0.0449149414964326
"6x39",0.106891525655624,0.604277326429451,0.0911542679161024,0.0788442110459633,0.0640684405892365,0.0547642283636226
"6x40",0.239110094245261,0.350310748604005,0.250061722612632,0.0693953956939648,0.0253721608560186,0.0657498779881182
"6x41",0.214736579254265,0.2480057209589,0.372843161033071,0.0535022451126645,0.0954269165120966,0.0154853771290027
"6x42",0.212790639633028,0.357004761355852,0.286874262244077,0.0851058207388398,0.0301971069387891,0.0280274090894146
"6x43",0.356909640667915,0.20898148583471,0.13635164304804,0.174346741879972,0.109643634205666,0.0137668543636958
"6x44",0.167267558037475,0.504962134270419,0.239776984897578,0.0486015583862024,0.0358575141208078,0.00353425028751755
"6x45",0.224228085178548,0.391451012589966,0.193916519548999,0.108201080532216,0.0141884679265714,0.0680148342236989
"6x46",0.253192858350627,0.246686402834626,0.220091538409294,0.228973364587476,0.0398413269979096,0.0112145088200669
"6x47",0.236431105568086,0.364785050555741,0.217384600788184,0.0657405460048621,0.107106581553348,0.00855211552977796
"6x48",0.163781428984391,0.442083424873182,0.00191680817626521,0.111537565257582,0.225190455846102,0.0554903168624772
"6x49",0.157777780173678,0.459079707621087,0.121546148937294,0.0762164955861393,0.165349659034239,0.0200302086475631
"7x0",0.156341514526626,0.801445153245779,0.00262341107612289,0,0.0395899211514719,0
"7x1",0.116902035593282,0.658881300521361,0.000803448456830456,0.129423215893857,0.0934243076037294,0.000565691930940167
"7x2",0.0306933477806349,0.918791072379325,0.0107799109384726,0,0.0382783720732709,0.0014572968282966
"7x3",0.0487874221055311,0.425384917454995,0.223615966484472,0.124417298246454,0.148205004632554,0.0295893910759944
"7x4",0.0424147301687989,0.473845549216697,0.123622063853054,0.0436563578099691,0.266893937063527,0.0495673618879528
"7x5",0.0102350228054152,0.914169039780347,0.00221973820322104,0,0.0733761992110167,0
"7x6",0.031746227492596,0.894145691312474,0,0,0.0711378006765509,0.00297028051837924
"7x7",0.0510151159103611,0.900685524308284,0,0,0.0385419053493185,0.0097574544320367
"7x8",0.0664982803888438,0.88372879630076,0.000435980701534304,0,0.0493369426088615,0
"7x9",0.0887300852884198,0.858686107858926,0.00193259395925105,0,0.0430490773398814,0.00760213555352206
"7x10",0.0733244183813227,0.903176120571947,0,0,0.0145789522448538,0.00892050880187647
"7x11",0.0941348792559445,0.846534932712539,0.00241170296620475,0.00450132959871436,0.0487000052722013,0.0037171501943959
"7x12",0.0564536953360878,0.468560368873117,0.180977142066193,0.164130732380448,0.128734219646549,0.00114384169760492
"7x13",0.0742392460338585,0.866746046843414,0.0043260340449828,0,0.0521179799890814,0.0025706930886628
"7x14",0.0412622151091996,0.894538221633726,0,0,0.0641995632570747,0
"7x15",0.0404442396036963,0.903679387435793,0,0,0.0521809105515074,0.00369546240900295
"7x16",0.0906800155835067,0.863116852375727,0.00412167711539593,0,0.0283635434567514,0.0137179114686193
"7x17",0.0196961745132285,0.95686534100196,0.00816696054822307,0,0.0110985737130255,0.00417295022356321
"7x18",0.0488603502459874,0.898485786518165,0.00268012866748339,0,0.0480547320286802,0.00191900253968367
"7x19",0.125328874413259,0.651990135866475,0.0532759633348734,0.138469829958741,0.0226267689075299,0.0083084275191216
"7x20",0.344491323450533,0.543796682224804,0.0312223171371956,0.0452031403984988,0.0283494994209933,0.00693703736797454
"7x21",0.235749980635056,0.588010655054613,0.0802269602034761,0,0.0815146000617126,0.0144978040451415
"7x22",0.0864204648028438,0.659870305920265,0.0793704934827311,0,0.117772046084912,0.0565666897092483
"7x23",0.19130432995157,0.540152021738904,0.115356641991725,0.0636706205921084,0.0895163857256926,0
"7x24",0.112260848212995,0.745713115171709,0.0674015639850704,0.0126752793468049,0.012307777566118,0.049641415717302
"7x25",0.16195765993103,0.458261044661698,0.257478504258816,0.00952660100494154,0.112776190143514,0
"7x26",0.116970854223622,0.364302862994564,0.21385391121224,0.227725578300319,0.000866936596387721,0.0762798566728675
"7x27",0.0789639482805738,0.475409737135671,0.380565001857849,0,0.0635332062368413,0.0015281064890649
"7x28",0.17395593956251,0.331145783019138,0.266544936983702,0,0.0599396733409241,0.168413667093726
"7x29",0.205159263911567,0.296645726233654,0.213733039190723,0.165219702894472,0.0655487802969782,0.0536934874726057
