"","Cancer","Stroma","Ductal"
"6x14",0.549129448436878,0.445135253806561,0.00573529775656136
"3x8",0.592097861495892,0.384129547614405,0.0237725908897025
"16x11",0.774588727030372,0.168137942156645,0.0572733308129833
"2x6",0.707007364360439,0.276676396723495,0.0163162389160661
"3x12",0.897710871484035,0.0349396528703477,0.0673494756456178
"16x15",0.428586341549823,0.558935082512825,0.012478575937352
"5x6",0.684069836668141,0.289347037119113,0.026583126212746
"9x13",0.256512591129522,0.715112676791941,0.0283747320785369
"15x15",0.085079318622733,0.840143389130465,0.0747772922468024
"2x13",0.145263320014623,0.81545244476138,0.039284235223997
"10x10",0.919494037279036,0.0650904402570708,0.015415522463893
"7x4",0.441977853779179,0.462753448520427,0.0952686977003944
"8x16",0.65920748108591,0.306221930037775,0.0345705888763154
"16x16",0.552984888211742,0.412635470831811,0.0343796409564479
"6x6",0.605509468704486,0.312314414474317,0.0821761168211968
"0x10",0.754168275653955,0.210762863578495,0.0350688607675506
"7x12",0.603975295927494,0.30130279138058,0.094721912691926
"12x7",0.670006207517485,0.329993792482515,0
"6x18",0.466171654562995,0.506409041357235,0.0274193040797701
"3x14",0.666086508455026,0.314152013236995,0.0197614783079783
"15x11",0.396489627930371,0.58350587275709,0.0200044993125399
"7x3",0.229367291327082,0.697579212086382,0.073053496586536
"9x16",0.399057489184465,0.543911738810969,0.0570307720045657
"1x10",0.166576534820302,0.765515721491487,0.0679077436882107
"17x5",0.649313311490399,0.329349743118431,0.0213369453911698
"9x6",0.942984168244085,0.0332632123074358,0.0237526194484794
"6x7",0.635079158521508,0.322321106729271,0.0425997347492207
"0x0",0.65277830222025,0.272869935434228,0.0743517623455223
"0x1",0.553830213529819,0.387354301105457,0.058815485364724
"0x2",0.767611201421662,0.0992897472636946,0.133099051314643
"0x3",0.585951892965318,0.405769897546181,0.00827820948850108
"0x4",0.79588085941626,0.169063990565751,0.0350551500179888
"0x5",0.80382633842928,0.124135230501459,0.0720384310692617
"0x6",0.805817845206431,0.0715993474299454,0.122582807363623
"0x7",0.764123102889757,0.126290963862894,0.109585933247348
"0x8",0.87802888828748,0.0133941456395726,0.108576966072947
"0x9",0.855386952233363,0.0302579366245354,0.114355111142102
"0x11",0.86360911707437,0.0123201035426701,0.12407077938296
"0x12",0.838227997130518,0.0516531561707722,0.11011884669871
"0x13",0.783651259047132,0.0215993602796756,0.194749380673193
"0x14",0.864537597947267,0.0100462494659766,0.125416152586756
"0x15",0.799115971703187,0.113065241657383,0.0878187866394308
"0x16",0.81971580111147,0.0678579382423852,0.112426260646144
"0x17",0.731716205017703,0.126325333731519,0.141958461250778
"0x18",0.528875030571281,0.173626066501862,0.297498902926857
"0x19",0.772084720156257,0.16529212401555,0.0626231558281933
"0x20",0.764936817452051,0.181624915706975,0.0534382668409737
"0x21",0.612123581254608,0.337132193858823,0.0507442248865694
"0x22",0.638251430878741,0.135537607191697,0.226210961929562
"0x23",0.375252594125615,0.384732939851449,0.240014466022936
"0x24",0.73357412406781,0.127765005568151,0.138660870364039
"0x25",0.337844404684334,0.340753619232643,0.321401976083023
"0x26",0.573776198953317,0.287941160511783,0.138282640534901
"0x27",0.517525779901895,0.38735409446334,0.0951201256347652
"0x28",0.387139340219334,0.506750824726987,0.106109835053679
"0x29",0.266860954470586,0.480268530499525,0.252870515029889
"0x30",0.354023062240426,0.28476904737887,0.361207890380703
"0x31",0.579345486942556,0.3481083489137,0.0725461641437433
"0x32",0.319939691576183,0.558901900354119,0.121158408069698
"0x33",0.67414170333519,0.252722867435173,0.0731354292296379
"0x34",0.430536513503323,0.487820565199982,0.0816429212966952
"0x35",0.281866846441366,0.680403451886572,0.0377297016720613
"0x36",0.437708139670307,0.455178575419623,0.10711328491007
"0x37",0.310370875443034,0.464502515795178,0.225126608761788
"0x38",0.37644963388925,0.338689755110061,0.284860611000689
"0x39",0.1652003777059,0.505500517529355,0.329299104764745
"0x40",0.474844837165484,0.346196036789916,0.178959126044601
"0x41",0.143115733925389,0.635443538750744,0.221440727323867
"0x42",0.252608310119796,0.579119993601427,0.168271696278777
"0x43",0.372295888013589,0.417981802970744,0.209722309015666
"0x44",0.128107547345226,0.398680121573964,0.473212331080809
"0x45",0.431192454390818,0.412401778716146,0.156405766893036
"0x46",0.318608407064411,0.430676818338794,0.250714774596795
"0x47",0.162817371175659,0.482523761229001,0.354658867595341
"0x48",0.332968855193749,0.441596861809448,0.225434282996802
"0x49",0.36474562232421,0.32381891643171,0.31143546124408
"1x0",0.795889475790971,0.084545322016062,0.119565202192967
"1x1",0.66378440715397,0.0843282577695129,0.251887335076517
"1x2",0.761154189340129,0.201378239749838,0.0374675709100332
"1x3",0.642720937426383,0.239488034306085,0.117791028267532
"1x4",0.877076367859014,0.00969542338817085,0.113228208752815
"1x5",0.916636953146033,0.0744490071269723,0.00891403972699447
"1x6",0.865590517501638,0.067380017640076,0.0670294648582861
"1x7",0.903190061684627,0.0113551449674546,0.0854547933479183
"1x8",0.797201101877543,0.0309584213789152,0.171840476743541
"1x9",0.857809626133898,0.00652022113225644,0.135670152733845
"1x11",0.799058364580355,0.0669253241593263,0.134016311260318
"1x12",0.656829261701273,0.0797205200380853,0.263450218260642
"1x13",0.833739397791097,0.129913176154707,0.0363474260541962
"1x14",0.824712442928886,0.0853151513988679,0.0899724056722463
"1x15",0.786747552251567,0.0400662733451434,0.17318617440329
"1x16",0.594203039590247,0.32006334635159,0.0857336140581635
"1x17",0.798178499107923,0.105868516562808,0.0959529843292692
"1x18",0.716309832604567,0.152097739069886,0.131592428325547
"1x19",0.716980597560353,0.18745080096858,0.0955686014710664
"1x20",0.568364208887943,0.32896728898507,0.102668502126987
"1x21",0.553175376474219,0.166043324479134,0.280781299046646
"1x22",0.517426975083364,0.315688628800924,0.166884396115713
"1x23",0.583650425447638,0.381652626078835,0.0346969484735268
"1x24",0.675325930901775,0.313078979046631,0.0115950900515938
"1x25",0.581046223306578,0.375408744052471,0.0435450326409512
"1x26",0.602337176362821,0.271293209214061,0.126369614423118
"1x27",0.376426884635324,0.444275588429288,0.179297526935388
"1x28",0.486160527313202,0.293895726396911,0.219943746289887
"1x29",0.06035556784757,0.442546821808697,0.497097610343733
"1x30",0.331819453173256,0.503349087027683,0.16483145979906
"1x31",0.446727696042058,0.46131770161359,0.0919546023443525
"1x32",0.295943441430884,0.448415794268961,0.255640764300155
"1x33",0.427448467510826,0.481499151498931,0.0910523809902422
"1x34",0.326942902036812,0.476750661136862,0.196306436826326
"1x35",0.358600718357731,0.483178808083776,0.158220473558493
"1x36",0.489705965257963,0.321814193558342,0.188479841183695
"1x37",0.261110223690711,0.444785666270257,0.294104110039031
"1x38",0.365960848094636,0.398113514324506,0.235925637580858
"1x39",0.603583646666676,0.300693534152709,0.0957228191806151
"1x40",0.295988679434642,0.632924482758484,0.071086837806874
"1x41",0.241028561897459,0.652282178451143,0.106689259651398
"1x42",0.264698479909673,0.512356703722581,0.222944816367746
"1x43",0.276642405701544,0.655232835270404,0.0681247590280511
"1x44",0.184555614150775,0.565387551256362,0.250056834592863
"1x45",0.3720444397616,0.482086211220279,0.145869349018121
"1x46",0.425556404000467,0.350604533140559,0.223839062858974
"1x47",0.250147046130233,0.497651403778995,0.252201550090772
"1x48",0.399316793208356,0.224658786351955,0.376024420439689
"1x49",0.471361571481802,0.398864516916833,0.129773911601365
"2x0",0.787739554923184,0.137243232982857,0.075017212093959
"2x1",0.842364239998661,0.130853154255856,0.0267826057454833
"2x2",0.815803461182399,0.0441714472895811,0.14002509152802
"2x3",0.874999731898741,0.0256860045188359,0.0993142635824229
"2x4",0.81819341495388,0.0360172734354294,0.145789311610691
"2x5",0.724316896670104,0.192131630281756,0.0835514730481393
"2x7",0.965338220037985,0.00136101614289334,0.0333007638191219
"2x8",0.966138514773326,0.0270972822855051,0.00676420294116911
"2x9",0.957656319903058,0.0269960337516434,0.0153476463452983
"2x10",0.902159053684543,0.0335430505188374,0.0642978957966198
"2x11",0.879223660089759,0.00367298217720229,0.117103357733039
"2x12",1,0,0
"2x14",0.919241771753505,0.020938744154342,0.0598194840921532
"2x15",0.937655189152192,0,0.0623448108478085
"2x16",0.641347924054601,0.302352995130699,0.0562990808147002
"2x17",0.848697379502352,0.100446615859739,0.050856004637909
"2x18",0.663062792682458,0.311336367943189,0.0256008393743532
"2x19",0.527344697209933,0.170260461935247,0.30239484085482
"2x20",0.810988279676511,0.178335962528849,0.0106757577946401
"2x21",0.558529904407124,0.258217272592947,0.183252822999929
"2x22",0.67306754706539,0.191896391817209,0.1350360611174
"2x23",0.588757080018259,0.303032252524918,0.108210667456824
"2x24",0.650242375146771,0.305329191874846,0.044428432978383
"2x25",0.501261084446499,0.328869426028396,0.169869489525106
"2x26",0.583305629279462,0.295578202263148,0.12111616845739
"2x27",0.533990469255243,0.405534302935329,0.0604752278094277
"2x28",0.189733428976412,0.737540317874714,0.0727262531488738
"2x29",0.543440732527069,0.249311084209605,0.207248183263325
"2x30",0.379783972183201,0.290392446375678,0.329823581441121
"2x31",0.324385404862744,0.520930240711633,0.154684354425623
"2x32",0.287498068000386,0.395927610024265,0.316574321975348
"2x33",0.399649707524363,0.406025939941511,0.194324352534126
"2x34",0.497621441003576,0.380075662029128,0.122302896967296
"2x35",0.595100809751286,0.308993142675439,0.0959060475732757
"2x36",0.292773921108714,0.609535951797248,0.0976901270940384
"2x37",0.355612007885823,0.223761453736511,0.420626538377666
"2x38",0.311056075774665,0.56195427929842,0.126989644926915
"2x39",0.232016579437032,0.408862766375451,0.359120654187517
"2x40",0.315940528895052,0.5461778339324,0.137881637172548
"2x41",0.131011985069927,0.426017934246684,0.442970080683388
"2x42",0.322177820304991,0.433565836395912,0.244256343299098
"2x43",0.15477751688932,0.687212414135076,0.158010068975604
"2x44",0.213632607315929,0.390144385883509,0.396223006800562
"2x45",0.223580683607241,0.440372944928334,0.336046371464425
"2x46",0.206070586832541,0.634461665243691,0.159467747923767
"2x47",0.215152396131974,0.686560922221966,0.0982866816460607
"2x48",0.231655471387008,0.42862848914693,0.339716039466061
"2x49",0.245730908414508,0.506618960567641,0.247650131017851
"3x0",0.752957132407652,0.146457717473642,0.100585150118705
"3x1",0.849293062370169,0,0.150706937629831
"3x2",0.926435706534793,0.00690449153833238,0.0666598019268749
"3x3",0.863940129786699,0,0.136059870213301
"3x4",0.880036891574171,0.036976695769582,0.082986412656247
"3x5",0.926587997155087,0.00304980928636587,0.0703621935585475
"3x6",0.975716318117146,0.00259410949020547,0.0216895723926483
"3x7",0.963041889565325,0.0204621992839172,0.0164959111507582
"3x9",0.895805357137198,0.0272796785655531,0.0769149642972486
"3x10",0.872380120012316,0.00355644683792889,0.124063433149755
"3x11",0.93646481634811,0.00480353713658975,0.0587316465153007
"3x13",0.933083910821683,0.00285310562069828,0.0640629835576185
"3x15",0.887722383909894,0.0513982385267078,0.0608793775633982
"3x16",0.880771717100558,0.101419735270803,0.0178085476286384
"3x17",0.909918907191714,0.0464233859172354,0.0436577068910506
"3x18",0.836216891116097,0.0882955149377545,0.0754875939461481
"3x19",0.82327354217147,0.0712694614159167,0.105456996412614
"3x20",0.732274673356349,0.220793632492003,0.0469316941516476
"3x21",0.47863033869912,0.403811724142676,0.117557937158204
"3x22",0.824142098399139,0.158952819267494,0.0169050823333676
"3x23",0.739221669641837,0.186969001395383,0.0738093289627803
"3x24",0.44639272417672,0.438353420654265,0.115253855169015
"3x25",0.279241475647771,0.580025622189158,0.140732902163071
"3x26",0.345590348355912,0.496559307082712,0.157850344561376
"3x27",0.420672634147373,0.327490828689306,0.251836537163321
"3x28",0.337276803325148,0.313887543005502,0.34883565366935
"3x29",0.445488762040829,0.424762809649223,0.129748428309948
"3x30",0.33602159337442,0.553036937117126,0.110941469508455
"3x31",0.361424968452888,0.528548461387193,0.110026570159919
"3x32",0.587583282891637,0.310782564917477,0.101634152190886
"3x33",0.334533953206855,0.573717219127745,0.0917488276654001
"3x34",0.138642160846305,0.713169247579206,0.148188591574489
"3x35",0.134160782064286,0.633203182294481,0.232636035641233
"3x36",0.421059580624731,0.370451165814664,0.208489253560605
"3x37",0.286335195422791,0.514021127594543,0.199643676982666
"3x38",0.337849415189657,0.459356760872158,0.202793823938185
"3x39",0.256282365231971,0.631308845360474,0.112408789407555
"3x40",0.151852101592529,0.668006508390987,0.180141390016484
"3x41",0.259804077175843,0.534544928063951,0.205650994760206
"3x42",0.260078339878592,0.584084353099966,0.155837307021441
"3x43",0.29461169906193,0.542725113574301,0.162663187363769
"3x44",0.361228719203126,0.338568156416243,0.30020312438063
"3x45",0.355404792002701,0.358834723183003,0.285760484814296
"3x46",0.383859967696812,0.451352393974668,0.16478763832852
"3x47",0.347062017992382,0.341428780573878,0.31150920143374
"3x48",0.577779009218597,0.278683677781541,0.143537312999862
"3x49",0.224223314810833,0.520473015158144,0.255303670031023
"4x0",0.784994917373178,0.0245111004133906,0.190493982213431
"4x1",0.733021408845217,0.198840820233704,0.0681377709210788
"4x2",0.595823952038082,0.136997947437657,0.267178100524261
"4x3",0.826475243008132,0.0675444991084193,0.105980257883449
"4x4",0.96295825126148,0,0.03704174873852
"4x5",0.935863113766739,0.00409374348471937,0.0600431427485412
"4x6",0.987009110020261,0.00171755936678806,0.0112733306129508
"4x7",0.913014433737415,0.00493212305440267,0.0820534432081826
"4x8",0.984862410994023,0,0.0151375890059773
"4x9",0.937694551090321,0,0.0623054489096786
"4x10",0.974014014561501,0.0183542573456949,0.00763172809280417
"4x11",0.948333846512662,0.00268668363786591,0.048979469849472
"4x12",0.943375126952223,0.00311598078101942,0.0535088922667576
"4x13",0.959488589402198,0.00372501927546591,0.0367863913223365
"4x14",0.901985495034692,0,0.098014504965308
"4x15",0.865326602203611,0.0327840792972191,0.10188931849917
"4x16",0.955990486388401,0.00146337879524881,0.0425461348163497
"4x17",0.867626177839094,0.0765664772920474,0.0558073448688588
"4x18",0.866890980006584,0.12043912574886,0.0126698942445553
"4x19",0.658496484474609,0.199105174512379,0.142398341013012
"4x20",0.832750301584358,0.043851618898593,0.123398079517049
"4x21",0.670223328633013,0.219952320592154,0.109824350774833
"4x22",0.6142038852476,0.185877493818689,0.199918620933711
"4x23",0.475425048820603,0.465808940901074,0.0587660102783234
"4x24",0.537502832537413,0.32633704354423,0.136160123918357
"4x25",0.53731329656095,0.345902013422301,0.116784690016749
"4x26",0.355178818443332,0.527626047983889,0.117195133572779
"4x27",0.520674703410925,0.385333566384128,0.0939917302049462
"4x28",0.419027149953271,0.407142403569397,0.173830446477332
"4x29",0.274895092955639,0.646903757238306,0.0782011498060553
"4x30",0.346229601260231,0.486264047227031,0.167506351512738
"4x31",0.000229790993423913,0.392285644236486,0.60748456477009
"4x32",0.111482389768622,0.577823804981073,0.310693805250306
"4x33",0.414075777821448,0.429140791184938,0.156783430993614
"4x34",0.348811116045471,0.527930381785025,0.123258502169504
"4x35",0.419977611676685,0.461153022069711,0.118869366253605
"4x36",0.221501653967472,0.560668751126241,0.217829594906287
"4x37",0.335668068639243,0.536233007372611,0.128098923988146
"4x38",0.39553889582548,0.272892225860282,0.331568878314238
"4x39",0.135830359302918,0.388423383441664,0.475746257255418
"4x40",0.227707973094959,0.631688370357874,0.140603656547167
"4x41",0.34236786205781,0.434263075360101,0.223369062582089
"4x42",0.288308202042897,0.52480822791596,0.186883570041142
"4x43",0.448867404621159,0.485487367873308,0.0656452275055331
"4x44",0.243016922409824,0.590114702509345,0.166868375080832
"4x45",0.322306371536084,0.42058894498021,0.257104683483706
"4x46",0.351704629842775,0.466899161183394,0.18139620897383
"4x47",0.284021092725981,0.404649233481668,0.31132967379235
"4x48",0.127906638609902,0.574889768498012,0.297203592892086
"4x49",0.183879958100855,0.406909692078991,0.409210349820154
"5x0",0.64405956191747,0.157670651256227,0.198269786826303
"5x1",0.78558216387137,0.199807820702283,0.0146100154263472
"5x2",0.967361503899068,0.00931784795885016,0.0233206481420818
"5x3",0.939295133973322,0.0146444888857331,0.0460603771409448
"5x4",0.917545868270513,0.00721187269837164,0.0752422590311152
"5x5",0.9445218246584,0.0307022803921129,0.0247758949494874
"5x7",0.900837067949665,0.0715744640514804,0.0275884679988549
"5x8",0.94501449861927,0.0180605599488297,0.0369249414318999
"5x9",0.97242510061357,0,0.0275748993864302
"5x10",0.967128923944585,0.00041083873447526,0.0324602373209402
"5x11",0.933648886985681,0,0.0663511130143193
"5x12",0.977533490907708,0,0.0224665090922923
"5x13",0.923348696048628,0.00955792574836132,0.0670933782030107
"5x14",0.897314081536824,0.027185614528113,0.0755003039350633
"5x15",0.947995904418781,0.0499050930047393,0.00209900257647939
"5x16",0.990620014704062,0.00286994602387207,0.00651003927206605
"5x17",0.919159159742763,0.00589255116769631,0.0749482890895405
"5x18",0.34836600167893,0.38838108553456,0.26325291278651
"5x19",0.703304482827169,0.165041688845474,0.131653828327358
"5x20",0.810078753608555,0.116544230332914,0.0733770160585316
"5x21",0.722664594160641,0.146814305238721,0.130521100600638
"5x22",0.548429842180489,0.343815751542101,0.107754406277409
"5x23",0.562500865800292,0.376695637404646,0.0608034967950621
"5x24",0.437591719176687,0.481041600397185,0.0813666804261278
"5x25",0.344526686635766,0.524006138912288,0.131467174451946
"5x26",0.449583396042653,0.462176852270425,0.0882397516869222
"5x27",0.485989322166849,0.22937227133959,0.284638406493561
"5x28",0.392486575992416,0.585042994705648,0.0224704293019359
"5x29",0.355187214191901,0.617203392541152,0.0276093932669472
"5x30",0.478434165993385,0.505196080695271,0.0163697533113436
"5x31",0.326252948972285,0.524369999453255,0.14937705157446
"5x32",0.354756244198855,0.38583191750493,0.259411838296216
"5x33",0.360458575882377,0.36329656069395,0.276244863423672
"5x34",0.172001116310371,0.634565775164691,0.193433108524938
"5x35",0.18398179145517,0.702483654946829,0.113534553598002
"5x36",0.324065179919505,0.491690374286506,0.184244445793989
"5x37",0.17009430668297,0.684625499794977,0.145280193522052
"5x38",0.28529879731248,0.488026825277357,0.226674377410163
"5x39",0.219339182440534,0.457018599201869,0.323642218357597
"5x40",0.404006671600417,0.506688806850245,0.089304521549338
"5x41",0.385251459060921,0.559203867998338,0.0555446729407408
"5x42",0.0192607595377052,0.602305082213047,0.378434158249248
"5x43",0.177631392048711,0.637352914339543,0.185015693611746
"5x44",0.215793756283824,0.58206617452546,0.202140069190716
"5x45",0.259881165851419,0.42728001979442,0.312838814354161
"5x46",0.306534370743235,0.389282922428542,0.304182706828223
"5x47",0.40346170764866,0.430467719497018,0.166070572854322
"5x48",0.384796930552848,0.50732018302005,0.107882886427103
"5x49",0.370818730005791,0.325105727029937,0.304075542964271
"6x0",0.750288294244034,0.0765884691586402,0.173123236597326
"6x1",0.709709579807444,0.201217704739459,0.0890727154530968
"6x2",0.944198989293193,0.0388304580502392,0.016970552656568
"6x3",0.96141052972059,0.0115238239324972,0.0270656463469131
"6x4",0.960704020471555,0.00728627299048152,0.0320097065379633
"6x5",0.923959142728476,0.0600179249663236,0.0160229323052006
"6x8",0.899808367801176,0.0117805201348937,0.0884111120639305
"6x9",0.959049847381065,0.0241259686887558,0.0168241839301788
"6x10",0.947095911832975,0.0219299799595729,0.0309741082074516
"6x11",0.896676043564625,0.0222532282591549,0.0810707281762199
"6x12",0.948996539214007,0.0480429908516454,0.00296046993434726
"6x13",0.958288337901645,0,0.0417116620983546
"6x15",0.991924484149721,0.00807551585027899,0
"6x16",0.973315960389968,0.0263203086955968,0.000363730914434649
"6x17",0.940452594459949,0.028717943863298,0.030829461676753
"6x19",0.826117974874173,0.0982310290184212,0.075650996107406
"6x20",0.836896038861483,0.0284375540332164,0.134666407105301
"6x21",0.804608661840006,0.11783855417267,0.0775527839873239
"6x22",0.762782586021433,0.209616472446925,0.0276009415316417
"6x23",0.412708751514777,0.562315266481176,0.0249759820040468
"6x24",0.60697031119808,0.238267022823421,0.154762665978498
"6x25",0.382012436541109,0.427015771904425,0.190971791554466
"6x26",0.331534970734833,0.520039757510998,0.148425271754169
"6x27",0.388123662083265,0.453886884924575,0.15798945299216
"6x28",0.430625043196872,0.404956517656271,0.164418439146857
"6x29",0.312759798462606,0.41697929001516,0.270260911522234
"6x30",0.358935694357806,0.471855058605994,0.1692092470362
"6x31",0.461159724712865,0.46273581275393,0.0761044625332049
"6x32",0.0702061903514941,0.693092834557471,0.236700975091035
"6x33",0.23127612305802,0.616008329995772,0.152715546946207
"6x34",0.216522021889753,0.613425473113263,0.170052504996984
"6x35",0.3557541562812,0.444086291335797,0.200159552383003
"6x36",0.325151365508264,0.595019908941546,0.0798287255501891
"6x37",0.310899460638717,0.492094623117326,0.197005916243958
"6x38",0.228893414903159,0.522374920156961,0.24873166493988
"6x39",0.562838727029144,0.354993151007869,0.082168121962987
"6x40",0.249915823478458,0.547953512630088,0.202130663891453
"6x41",0.182960777487725,0.626897567300951,0.190141655211324
"6x42",0.282978705289358,0.514898762404361,0.202122532306281
"6x43",0.115981983772974,0.481268352231944,0.402749663995081
"6x44",0.431385640609055,0.450451649876167,0.118162709514778
"6x45",0.351954007774102,0.442810230505346,0.205235761720552
"6x46",0.179605077439886,0.617405978116637,0.202988944443477
"6x47",0.248676640202228,0.522433210496806,0.228890149300965
"6x48",0.38460329352304,0.466717673990147,0.148679032486814
"6x49",0.382667735415176,0.465810322911772,0.151521941673052
"7x0",0.846636113720672,0.00455673949477829,0.148807146784549
"7x1",0.63226917638243,0.329758035583365,0.0379727880342043
"7x2",0.971949299645228,0.0112172712434622,0.0168334291113096
"7x5",0.995237371906667,0.00476262809333324,0
"7x6",0.956675346878636,0.0133049592667995,0.030019693854564
"7x7",0.966361025914854,0.0072782297154855,0.0263607443696605
"7x8",0.942922779594762,0.00222909489208557,0.0548481255131529
"7x9",0.931880380893534,0.0127649933232492,0.055354625783217
"7x10",0.947223029789499,0.0046263720039491,0.0481505982065521
"7x11",0.914788505739883,0.0166544066266801,0.0685570876334371
"7x13",0.927710943787682,0.0129663239996213,0.0593227322126963
"7x14",0.953449962932153,0.00792013172260856,0.0386299053452385
"7x15",0.981912901430824,0.00199697713357173,0.0160901214356041
"7x16",0.900305425160727,0.0117403490923507,0.0879542257469218
"7x17",0.979654510174722,0.0073618178759251,0.0129836719493531
"7x18",0.964871996982926,0.00229362852004971,0.0328343744970244
"7x19",0.632943736207063,0.294205988217679,0.0728502755752588
"7x20",0.509132270965665,0.0882769098571295,0.402590819177205
"7x21",0.525945082792384,0.235433611167884,0.238621306039733
"7x22",0.589925399757247,0.351213244295611,0.0588613559471413
"7x23",0.503027577915665,0.353128437055298,0.143843985029037
"7x24",0.726097897099567,0.166126348027881,0.107775754872552
"7x25",0.39290150691291,0.480359169966806,0.126739323120284
"7x26",0.245604601430604,0.655949912437855,0.0984454861315412
"7x27",0.381315603519957,0.54558458840467,0.0730998080753725
"7x28",0.237605609533992,0.67191931977083,0.0904750706951781
"7x29",0.206594600906517,0.597743567885553,0.19566183120793
"7x30",0.392962908138564,0.446404461864692,0.160632629996745
"7x31",0.463100323575299,0.448689831646261,0.0882098447784395
"7x32",0.197760467488085,0.7460154169108,0.0562241156011149
"7x33",0.283790173170407,0.647065177827595,0.0691446490019983
"7x34",0.102026322023592,0.617739561742377,0.28023411623403
"7x35",0.27259630686188,0.588530504307116,0.138873188831003
"7x36",0.364103757236568,0.535643765489651,0.100252477273781
"7x37",0.215920218160997,0.695960423315271,0.0881193585237325
"7x38",0.137105787819815,0.595284230574201,0.267609981605984
"7x39",0.524431876071367,0.423317292843046,0.0522508310855872
"7x40",0.118827408439581,0.41160087780112,0.4695717137593
"7x41",0.26697599987535,0.455088741842859,0.277935258281792
"7x42",0.388036702895902,0.512443022643513,0.0995202744605857
"7x43",0.334040912839012,0.402869940253324,0.263089146907664
"7x44",0.199066310126178,0.491762935891773,0.30917075398205
"7x45",0.328691274209267,0.532315340586141,0.138993385204592
"7x46",0.180231763569714,0.777945629168273,0.0418226072620127
"7x47",0.177124219294685,0.571908205856609,0.250967574848706
"7x48",0.353011740315629,0.288399011462028,0.358589248222343
"7x49",0.37414965168042,0.251319615988055,0.374530732331525
"8x0",0.930837243585407,0.0284026242274944,0.0407601321870983
"8x1",0.860979592044371,0.0974334022920816,0.0415870056635472
"8x2",0.978585167866674,0.00128844645096663,0.0201263856823597
"8x3",0.864641202068835,0.0395210400185426,0.0958377579126225
"8x4",0.953770552752225,0.0273845865668441,0.0188448606809306
"8x5",0.957979857257382,0,0.0420201427426174
"8x6",0.91232668912117,0.057005730891432,0.0306675799873984
"8x7",0.94833056810348,0.019103193267851,0.0325662386286689
"8x8",0.962228779592123,0,0.0377712204078772
"8x9",0.832422719394667,0.0386943977430859,0.128882882862247
"8x10",0.980721023189798,0,0.0192789768102022
"8x11",0.952472183476795,0.0352128253402404,0.0123149911829647
"8x12",0.964247502538948,0.0249575601366642,0.0107949373243877
"8x13",0.962482838645929,0.0200222287979698,0.0174949325561015
"8x14",0.945104268792546,0.0183240812088519,0.0365716499986023
"8x15",0.941816461678401,0.0504595577829804,0.00772398053861867
"8x17",0.872044407984265,0.0520495175791427,0.0759060744365924
"8x18",0.920209719850733,0.0593991603868365,0.0203911197624302
"8x19",0.701587842356545,0.260921813118132,0.0374903445253228
"8x20",0.726123706053231,0.160083015157796,0.113793278788973
"8x21",0.507873360331654,0.398774708082998,0.0933519315853486
"8x22",0.54041629370561,0.348625369151762,0.110958337142628
"8x23",0.50696255086641,0.424088967536194,0.0689484815973961
"8x24",0.650561963796819,0.215745843736776,0.133692192466406
"8x25",0.363782099613409,0.507562886561425,0.128655013825166
"8x26",0.321039006024727,0.602237247302461,0.0767237466728112
"8x27",0.520063402670133,0.377563804500044,0.102372792829824
"8x28",0.21864798159154,0.560077738459151,0.22127427994931
"8x29",0.330893649872748,0.586902889410778,0.0822034607164744
"8x30",0.169927164771436,0.553625753938068,0.276447081290496
"8x31",0.287617757184757,0.519521557177179,0.192860685638064
"8x32",0.234288924087338,0.756963343926414,0.00874773198624751
"8x33",0.307717352249529,0.629701079575087,0.0625815681753833
"8x34",0.107982238702168,0.737427477309083,0.154590283988748
"8x35",0.378268317151718,0.552245179358119,0.0694865034901633
"8x36",0.50224372447897,0.458683451325218,0.0390728241958119
"8x37",0.336370218967664,0.598544838977632,0.0650849420547043
"8x38",0.37973884844269,0.531364951007479,0.0888962005498308
"8x39",0.360923388843423,0.470585732838181,0.168490878318396
"8x40",0.246867092367813,0.702531024920097,0.0506018827120895
"8x41",0.0782516094584947,0.399923793374255,0.52182459716725
"8x42",0.23387263788367,0.638873102290591,0.127254259825739
"8x43",0.291465879728271,0.43676699194556,0.27176712832617
"8x44",0.172729002666314,0.687446148548502,0.139824848785184
"8x45",0.239791822986347,0.480512570296988,0.279695606716665
"8x46",0.21490210115963,0.708350070698709,0.0767478281416607
"8x47",0.268143439647233,0.433094068935672,0.298762491417094
"8x48",0.332749656714276,0.32326307052213,0.343987272763594
"8x49",0.16713006766028,0.426430362461612,0.406439569878108
"9x0",0.875533892946485,0.0901929485146395,0.0342731585388754
"9x1",0.848755442391179,0.0314016393152983,0.119842918293522
"9x2",0.90378663494655,0.040068017119583,0.0561453479338667
"9x3",0.860667080965519,0.0410502937850024,0.0982826252494789
"9x4",0.88292010457805,0.039508836943237,0.0775710584787134
"9x5",0.95194659240888,0.04805340759112,0
"9x7",0.967598450810522,0.0171909855049367,0.015210563684541
"9x8",0.906364161235063,0.0282038959999864,0.0654319427649502
"9x9",0.824944030930757,0.0643225171218708,0.110733451947372
"9x10",0.968798302483064,0.00225438210288935,0.0289473154140465
"9x11",0.924362337665445,0.00357085171406232,0.0720668106204931
"9x12",0.833886479631211,0.019690201347843,0.146423319020946
"9x14",0.95896590498239,0.00336041104490553,0.0376736839727047
"9x15",0.959501051961204,0.00760778272335049,0.0328911653154452
"9x17",0.904411556588375,0.00925257703129542,0.0863358663803293
"9x18",0.957865797170302,0.0192253759845863,0.0229088268451121
"9x19",0.838624056346236,0,0.161375943653764
"9x20",0.560784823882207,0.255149951742716,0.184065224375077
"9x21",0.653090008851688,0.229225597195054,0.117684393953258
"9x22",0.803011823220207,0.17236949470363,0.0246186820761629
"9x23",0.646400346782212,0.314770585930596,0.0388290672871909
"9x24",0.313103916810121,0.615664590758601,0.0712314924312781
"9x25",0.384766120185005,0.575551154835262,0.0396827249797328
"9x26",0.42931050362824,0.416374290394995,0.154315205976766
"9x27",0.406823764268895,0.563667991880168,0.0295082438509362
"9x28",0.208234488392561,0.760523562831043,0.0312419487763959
"9x29",0.230695092017573,0.51375306066376,0.255551847318667
"9x30",0.353463460525709,0.544620215030729,0.101916324443562
"9x31",0.148965709467096,0.750274768410635,0.10075952212227
"9x32",0.18802501687225,0.684743392387176,0.127231590740574
"9x33",0.213911389915651,0.742988806484323,0.0430998036000267
"9x34",0.173142546541879,0.738744588506534,0.0881128649515871
"9x35",0.152081445522115,0.600840173692799,0.247078380785086
"9x36",0.109246068786348,0.731191401789803,0.159562529423848
"9x37",0.207769579124547,0.514583017249161,0.277647403626292
"9x38",0.0758541943459361,0.872304878408356,0.0518409272457077
"9x39",0.185351914354339,0.754436833294208,0.0602112523514531
"9x40",0.338691120394014,0.553137883461495,0.108170996144491
"9x41",0.194646922653246,0.626552600818835,0.178800476527919
"9x42",0.114214958896859,0.796228599078861,0.08955644202428
"9x43",0.125803553445192,0.450178559831652,0.424017886723156
"9x44",0.243730906827546,0.623458308348809,0.132810784823645
"9x45",0.154182559622851,0.682792376639483,0.163025063737666
"9x46",0.274529691202533,0.41793929971656,0.307531009080907
"9x47",0.0879785926311394,0.690996783211017,0.221024624157844
"9x48",0.135271144167297,0.676586623089794,0.188142232742909
"9x49",0.176494752223842,0.752510380255721,0.070994867520437
"10x0",0.808841835634676,0.0823068178006898,0.108851346564634
"10x1",0.877330205835593,0.00789701006391353,0.114772784100494
"10x2",0.906635171979673,0.0326496977875448,0.0607151302327824
"10x3",0.93128918179407,0.00238753215142584,0.0663232860545038
"10x4",0.905770968242286,0.0771640577507705,0.0170649740069434
"10x5",0.894384985665863,0,0.105615014334137
"10x6",0.974192347079014,0.0102659030558137,0.0155417498651725
"10x7",0.947385598053493,0,0.0526144019465072
"10x8",0.925422189916494,0.0211891646158837,0.053388645467622
"10x9",0.925913514493948,0.0314384970935676,0.0426479884124841
"10x11",0.863370812500184,0.0288780747568688,0.107751112742947
"10x12",0.978328386395734,0.00323412164032656,0.0184374919639399
"10x13",0.874066058543683,0.0308509445474608,0.0950829969088566
"10x14",0.9267426736461,0.016704402336062,0.0565529240178379
"10x15",0.957230449410365,0.00739344355738617,0.0353761070322491
"10x16",0.932851836253162,0.0185807386206542,0.0485674251261841
"10x17",0.936502597782419,0.0557407600021079,0.00775664221547342
"10x18",0.995403314017675,0.002644217847727,0.0019524681345979
"10x19",0.982348273797659,0.00216475118012543,0.0154869750222158
"10x20",0.764215032389564,0.179961486151637,0.0558234814587994
"10x21",0.635249525576186,0.269943557998404,0.0948069164254102
"10x22",0.583675838774363,0.365260853660947,0.0510633075646902
"10x23",0.472501460561514,0.445618405840193,0.0818801335982925
"10x24",0.397685752189254,0.563943138969162,0.0383711088415837
"10x25",0.201396615088174,0.680118458211129,0.118484926700697
"10x26",0.237974359078049,0.70858830410055,0.0534373368214005
"10x27",0.32599979672753,0.663474782031816,0.0105254212406536
"10x28",0.251174707877478,0.736294136261727,0.012531155860795
"10x29",0.246874382766663,0.697860736287766,0.0552648809455705
"10x30",0.136780978898993,0.759034689091019,0.104184332009988
"10x31",0.230256528796595,0.698100925386231,0.0716425458171739
"10x32",0.15375019653065,0.758539190958494,0.0877106125108557
"10x33",0.577675220234739,0.346205229297582,0.0761195504676787
"10x34",0.211178597285637,0.77650068161199,0.0123207211023732
"10x35",0.10434026230488,0.860156529795434,0.0355032078996857
"10x36",0.231165753637971,0.623329793421468,0.145504452940561
"10x37",0.387239695015391,0.564426344943174,0.0483339600414344
"10x38",0.242141030308489,0.627261229230817,0.130597740460694
"10x39",0.155461107725578,0.665862157847824,0.178676734426598
"10x40",0.152935520578034,0.696835123320033,0.150229356101934
"10x41",0.23323163200388,0.686713968627545,0.0800543993685752
"10x42",0.245939047507371,0.55762144385705,0.196439508635579
"10x43",0.33807730857632,0.485347743538179,0.176574947885501
"10x44",0.207325172195344,0.599017501255214,0.193657326549443
"10x45",0.0978740738721567,0.667159292137258,0.234966633990586
"10x46",0.387817129373658,0.506033743187995,0.106149127438347
"10x47",0.280384476744765,0.642325737183124,0.0772897860721109
"10x48",0.062846714558823,0.605841638004758,0.331311647436419
"10x49",0.220937121785574,0.413221739345743,0.365841138868683
"11x0",0.734768599384837,0.150253325800537,0.114978074814626
"11x1",0.751970450943976,0.22935713606884,0.0186724129871848
"11x2",0.879170802474375,0.0267158533395012,0.0941133441861242
"11x3",0.981661153792707,0.0180205211191193,0.000318325088174027
"11x4",0.932415664594554,0.00346720042990509,0.0641171349755406
"11x5",0.910313835832013,0.0574978233680598,0.0321883407999271
"11x6",0.97344160299005,0,0.0265583970099502
"11x7",0.941536004864616,0,0.0584639951353845
"11x8",0.964287114902147,0.0191258471987285,0.0165870378991244
"11x9",0.917939297348524,0.00969456725835312,0.0723661353931232
"11x10",0.976759240964278,0.0220705414523761,0.00117021758334635
"11x11",0.943948560975021,0.00280069633778472,0.0532507426871946
"11x12",0.878719245214725,0,0.121280754785275
"11x13",0.936793216069276,0.00582321808373476,0.0573835658469893
"11x14",0.884766466681816,0.0782329615917982,0.0370005717263862
"11x15",0.935901583561652,0.0272307144337266,0.0368677020046209
"11x16",0.907676819665229,0.0272984637296571,0.0650247166051136
"11x17",0.926371517316562,0.0562578848974442,0.0173705977859939
"11x18",0.995699922124614,0.00305791003024219,0.0012421678451439
"11x19",0.805975209656522,0.185747348454566,0.00827744188891158
"11x20",0.576996199022758,0.416119124568511,0.00688467640873044
"11x21",0.755798673836097,0.174192699559492,0.0700086266044102
"11x22",0.722096162692281,0.213752398779124,0.0641514385285955
"11x23",0.4651621337229,0.410169417783309,0.124668448493791
"11x24",0.356110424530968,0.583505581509798,0.060383993959234
"11x25",0.414337577388392,0.539840801750866,0.045821620860742
"11x26",0.252974477205075,0.709529008878939,0.0374965139159863
"11x27",0.183355516389158,0.701011975002998,0.115632508607844
"11x28",0.334182631614415,0.618607951733453,0.0472094166521322
"11x29",0.342475784052053,0.533739458333259,0.123784757614688
"11x30",0.0565862418770471,0.721940492418594,0.221473265704359
"11x31",0.204211096242332,0.669718806844608,0.12607009691306
"11x32",0.40873032643911,0.50928730056731,0.0819823729935801
"11x33",0.201132604313916,0.765552520499239,0.0333148751868449
"11x34",0.0855397720589424,0.880946782861209,0.0335134450798486
"11x35",0.088602929193928,0.733011547099256,0.178385523706816
"11x36",0.224925973468325,0.681188900142685,0.0938851263889897
"11x37",0.0965957280756002,0.69144445539834,0.21195981652606
"11x38",0.232067849471616,0.589587151372875,0.178344999155508
"11x39",0.233602990205843,0.629826180131599,0.136570829662558
"11x40",0.0510976170180446,0.781836276369301,0.167066106612655
"11x41",0.317464599198597,0.579262980104326,0.103272420697077
"11x42",0.188537462659467,0.753952270127303,0.0575102672132299
"11x43",0.290194704741413,0.537937354688816,0.17186794056977
"11x44",0.151194421603644,0.539681400335094,0.309124178061262
"11x45",0.307391372749569,0.52580192494868,0.166806702301751
"11x46",0.0396179801311695,0.490143495137099,0.470238524731731
"11x47",0.219993111105589,0.533001076579303,0.247005812315109
"11x48",0.143615376789748,0.572569518490543,0.283815104719709
"11x49",0.136969555243545,0.424616150347921,0.438414294408535
"12x0",0.775626672920424,0.130679686369991,0.0936936407095853
"12x1",0.809253414182981,0.0861067208041627,0.104639865012857
"12x2",0.944940600675562,0,0.0550593993244376
"12x3",0.990812330486267,0.00111948634742227,0.00806818316631052
"12x4",0.946127867255262,0.0504077460545589,0.00346438669017897
"12x5",0.962301088020203,0.0282116969284173,0.00948721505137971
"12x6",0.871383181865943,0.00101838311613146,0.127598435017926
"12x8",0.981560002400057,0.00225839781831022,0.0161815997816329
"12x9",0.933399735935585,0.0201874989027754,0.0464127651616397
"12x10",0.983185675398949,0.00163654465367278,0.015177779947378
"12x11",0.932496100182379,0,0.0675038998176211
"12x12",0.908401303083267,0,0.091598696916733
"12x13",0.974801144592838,0.00378757540741239,0.0214112799997492
"12x14",0.966655489445378,0.0333445105546224,0
"12x15",0.93776736713932,0.00246836219097992,0.0597642706696998
"12x16",0.947151369451436,0.0098865628417283,0.0429620677068357
"12x17",0.994863184026089,0.00163530041247168,0.00350151556143941
"12x18",0.891044419932953,0.0513386382211407,0.057616941845906
"12x19",0.867696531838353,0.0988198726113513,0.0334835955502962
"12x20",0.703205518993576,0.198201575016301,0.0985929059901225
"12x21",0.609136546324157,0.273986182161588,0.116877271514254
"12x22",0.580099639057795,0.352763257554425,0.06713710338778
"12x23",0.507479321728018,0.40769546151894,0.084825216753042
"12x24",0.218125175238925,0.748319015278424,0.0335558094826508
"12x25",0.132955036441591,0.830031152005497,0.0370138115529117
"12x26",0.305044065018011,0.639667194757926,0.0552887402240628
"12x27",0.228625904686974,0.592203220843627,0.179170874469399
"12x28",0.0533386549150895,0.895006023319724,0.051655321765186
"12x29",0.210683350255969,0.71227232749664,0.0770443222473912
"12x30",0.0571924612988807,0.847441984928209,0.0953655537729107
"12x31",0.0685129596090321,0.801997491913773,0.129489548477194
"12x32",0.226793345835049,0.714506098193644,0.0587005559713066
"12x33",0.246492583146828,0.639976635945127,0.113530780908045
"12x34",0.0721462696214088,0.725604527428925,0.202249202949667
"12x35",0,0.468762866873615,0.531237133126385
"12x36",0.166104315303846,0.734209966608598,0.0996857180875559
"12x37",0.334699413417611,0.567011814990708,0.0982887715916812
"12x38",0.207367396372015,0.642852973204184,0.149779630423801
"12x39",0.102576603985437,0.866683995208616,0.0307394008059469
"12x40",0.216816770609923,0.582035103636925,0.201148125753152
"12x41",0.128744843933341,0.736054062539572,0.135201093527088
"12x42",0.0938013848191662,0.540505607439136,0.365693007741698
"12x43",0.305376228340919,0.4604929686013,0.234130803057781
"12x44",0.130316154803328,0.640024417212547,0.229659427984125
"12x45",0.245022877796832,0.539714367387248,0.21526275481592
"12x46",0,0.379461912743848,0.620538087256152
"12x47",0.171143861035124,0.585072197242303,0.243783941722573
"12x48",0.157047942222454,0.536677308635534,0.306274749142012
"12x49",0.209282670324393,0.496537323947891,0.294180005727716
"13x0",0.84984994295613,0.0381525140388333,0.111997543005036
