"","Cancer","Ductal","Stroma"
"6x14",0.301774128350903,0.259098420892627,0.43912745075647
"3x8",0.348342473900677,0.242229944577074,0.409427581522249
"16x11",0.379707220132492,0.404807403267752,0.215485376599755
"2x6",0.446721140778764,0.178297919536472,0.374980939684764
"3x12",0.528667740887189,0.33448590525993,0.136846353852881
"16x15",0.241192589139471,0.226453276255232,0.532354134605297
"5x6",0.365154394568849,0.265095360129104,0.369750245302047
"9x13",0.192779415278302,0.146648106582622,0.660572478139076
"15x15",0.0791699767045064,0.235586445396048,0.685243577899445
"2x13",0.202428472527046,0.181799564889702,0.615771962583251
"10x10",0.557797610295131,0.254527373787486,0.187675015917383
"7x4",0.348425650991581,0.162475474613456,0.489098874394962
"8x16",0.39347091671476,0.228289852454964,0.378239230830276
"16x16",0.325524317436212,0.273532907392413,0.400942775171375
"6x6",0.367607940796246,0.25274561109123,0.379646448112524
"0x10",0.434875536144998,0.30355258451449,0.261571879340512
"7x12",0.36722716007255,0.299446516863299,0.33332632306415
"12x7",0.364941242207063,0.287744331971396,0.34731442582154
"6x18",0.270320763614712,0.260028663607641,0.469650572777647
"3x14",0.391559086029181,0.27285448187943,0.335586432091389
"15x11",0.236295281420729,0.208505519265146,0.555199199314125
"7x3",0.132367357883222,0.242474069067076,0.625158573049702
"9x16",0.222884209781947,0.291019631889142,0.48609615832891
"1x10",0.112280609919635,0.17495251780942,0.712766872270945
"17x5",0.394593087285273,0.250666169509993,0.354740743204734
"9x6",0.534905546139201,0.25761961804569,0.207474835815109
"6x7",0.398052912453778,0.227995685569103,0.373951401977118
"0x0",0.450531371593053,0.233288597348844,0.316180031058103
"0x1",0.396681725535314,0.218181928527591,0.385136345937095
"0x2",0.463590927806937,0.365807954945422,0.170601117247642
"0x3",0.382171891469156,0.220160028992484,0.39766807953836
"0x4",0.503154439709403,0.231743279960384,0.265102280330213
"0x5",0.54137426126916,0.25145464925731,0.207171089473531
"0x6",0.493546796643552,0.301168567670611,0.205284635685838
"0x7",0.417069361776253,0.325683585174216,0.257247053049532
"0x8",0.502203887645025,0.406043809816846,0.0917523025381294
"0x9",0.496621988183859,0.280797760729632,0.222580251086509
"0x11",0.476670242709063,0.293385513171521,0.229944244119417
"0x12",0.545933804033319,0.281343142879807,0.172723053086874
"0x13",0.447366275762136,0.40102980488671,0.151603919351154
"0x14",0.50537380622215,0.315885552529845,0.178740641248004
"0x15",0.46670693068014,0.329663518229585,0.203629551090275
"0x16",0.518000417076116,0.313224463916161,0.168775119007723
"0x17",0.464152156287805,0.316100344569134,0.219747499143061
"0x18",0.372925514042506,0.306557654938395,0.3205168310191
"0x19",0.560457575214517,0.20750387849335,0.232038546292133
"0x20",0.439986660437831,0.306938964514381,0.253074375047788
"0x21",0.350638182216456,0.223763673857053,0.425598143926491
"0x22",0.309277064135892,0.410768067004346,0.279954868859762
"0x23",0.281002406489106,0.295245692856689,0.423751900654205
"0x24",0.456672615150686,0.299255469265187,0.244071915584126
"0x25",0.335707209504372,0.232853984067406,0.431438806428222
"0x26",0.393182323124073,0.282240366415954,0.324577310459973
"0x27",0.414140022811274,0.154199032620209,0.431660944568517
"0x28",0.267213051141607,0.218666387433175,0.514120561425218
"0x29",0.320385986196623,0.19058312343657,0.489030890366807
"0x30",0.298781757375883,0.353536056820321,0.347682185803797
"0x31",0.368929221733753,0.281555314401487,0.34951546386476
"0x32",0.313645329501249,0.172836727014468,0.513517943484283
"0x33",0.437369797044611,0.171952290034043,0.390677912921346
"0x34",0.346652683771259,0.184398227938624,0.468949088290117
"0x35",0.293775688008503,0.141202867625561,0.565021444365936
"0x36",0.254910036706029,0.3273578609369,0.417732102357071
"0x37",0.231180861177054,0.300207229973407,0.468611908849539
"0x38",0.316868954640033,0.267665459368402,0.415465585991565
"0x39",0.15237370236677,0.369573483446673,0.478052814186557
"0x40",0.310493755165976,0.278724125336336,0.410782119497688
"0x41",0.20932908462466,0.191692776441518,0.598978138933821
"0x42",0.194442912016096,0.241464672230722,0.564092415753182
"0x43",0.325227756746582,0.239368218898953,0.435404024354465
"0x44",0.252455102251455,0.297394293010614,0.450150604737931
"0x45",0.431796508397928,0.131332352474741,0.436871139127331
"0x46",0.316400416738495,0.213375334923821,0.470224248337684
"0x47",0.260606719109784,0.280649105714652,0.458744175175564
"0x48",0.251732060986906,0.262886129906183,0.485381809106911
"0x49",0.331605986546583,0.256315467717286,0.412078545736131
"1x0",0.46225044530947,0.34452372228176,0.19322583240877
"1x1",0.480600880974427,0.295738874984732,0.22366024404084
"1x2",0.491033972792919,0.204241723390384,0.304724303816697
"1x3",0.427033288423521,0.249084833346627,0.323881878229852
"1x4",0.579577573514772,0.287790222045048,0.13263220444018
"1x5",0.51178273005576,0.31265300899556,0.17556426094868
"1x6",0.432923042304222,0.294327265139217,0.272749692556561
"1x7",0.451013795372467,0.399725746369642,0.14926045825789
"1x8",0.515597421575104,0.284993346261885,0.199409232163011
"1x9",0.531907081127353,0.345691076110554,0.122401842762093
"1x11",0.379213670651427,0.430720338862332,0.190065990486241
"1x12",0.45468171511337,0.325501381821018,0.219816903065612
"1x13",0.458686197661467,0.256780966867585,0.284532835470948
"1x14",0.397847590450081,0.390731852875576,0.211420556674343
"1x15",0.430241940845325,0.388015539251349,0.181742519903325
"1x16",0.44951277648084,0.178669870338505,0.371817353180655
"1x17",0.482406984452663,0.322296391691916,0.195296623855422
"1x18",0.452513077587788,0.306963323859209,0.240523598553003
"1x19",0.506341716290842,0.248593511930085,0.245064771779073
"1x20",0.425859702708927,0.166986667049002,0.407153630242071
"1x21",0.464060275954069,0.248859764297947,0.287079959747985
"1x22",0.347509861342387,0.280067272688142,0.372422865969471
"1x23",0.44744702708091,0.13111846773732,0.42143450518177
"1x24",0.320899069054433,0.333733424631887,0.34536750631368
"1x25",0.302108917018767,0.340672028667288,0.357219054313945
"1x26",0.39621745150321,0.21521589185624,0.38856665664055
"1x27",0.268910564062928,0.267435521119946,0.463653914817126
"1x28",0.319426450792217,0.315356460001175,0.365217089206608
"1x29",0.227999993701392,0.344566552520542,0.427433453778066
"1x30",0.289830937416691,0.213186168409509,0.4969828941738
"1x31",0.320036121415241,0.216006142170468,0.463957736414291
"1x32",0.320308137261912,0.233289521184139,0.446402341553949
"1x33",0.340429111739783,0.208316525796387,0.451254362463831
"1x34",0.279362770614229,0.22566564620092,0.49497158318485
"1x35",0.313179185524559,0.161080395836815,0.525740418638626
"1x36",0.323232419677563,0.303491365078671,0.373276215243766
"1x37",0.295009023201645,0.237367250607226,0.467623726191129
"1x38",0.265080874202079,0.286532159603582,0.448386966194339
"1x39",0.336813130997449,0.269602336026684,0.393584532975867
"1x40",0.203922403881399,0.245597716961894,0.550479879156707
"1x41",0.255094258757071,0.195010436413446,0.549895304829483
"1x42",0.265957544310684,0.279126837882957,0.454915617806359
"1x43",0.223126446452059,0.17061642916209,0.606257124385852
"1x44",0.162649941203353,0.248408104601081,0.588941954195566
"1x45",0.317021277848763,0.145771665086084,0.537207057065153
"1x46",0.278585235521616,0.298058466019189,0.423356298459195
"1x47",0.313755702683431,0.143108094008698,0.543136203307871
"1x48",0.263715849517809,0.41950646331463,0.316777687167561
"1x49",0.23560788864014,0.288885407210637,0.475506704149223
"2x0",0.508403023982773,0.322650162974412,0.168946813042815
"2x1",0.430923186447585,0.336573152402556,0.23250366114986
"2x2",0.472985209460585,0.348647411912494,0.178367378626921
"2x3",0.56316287914416,0.322115130628462,0.114721990227377
"2x4",0.548847564877651,0.291992221451749,0.159160213670601
"2x5",0.443517595933648,0.281235310217351,0.275247093849001
"2x7",0.487341758945336,0.320227171292819,0.192431069761845
"2x8",0.540208957241026,0.317874567386556,0.141916475372418
"2x9",0.478546828660258,0.34017345575575,0.181279715583991
"2x10",0.545202726616233,0.231943425754151,0.222853847629616
"2x11",0.516107666790664,0.293675177449011,0.190217155760325
"2x12",0.534803182249544,0.368623545018463,0.0965732727319929
"2x14",0.49859423705518,0.344268469495782,0.157137293449038
"2x15",0.544387514086722,0.326062768183175,0.129549717730102
"2x16",0.366007667992301,0.29545476621209,0.338537565795609
"2x17",0.600330355356075,0.201831692928388,0.197837951715537
"2x18",0.361424629873398,0.327008251772004,0.311567118354598
"2x19",0.383504003211289,0.330740151248942,0.285755845539769
"2x20",0.406290236601426,0.379116905415406,0.214592857983168
"2x21",0.417477368273356,0.254098609846998,0.328424021879645
"2x22",0.406958651217597,0.276047814067077,0.316993534715326
"2x23",0.343979900745554,0.261525873015173,0.394494226239272
"2x24",0.480146345680715,0.17159866131434,0.348254993004945
"2x25",0.353733405523612,0.277730624323726,0.368535970152663
"2x26",0.39071656502342,0.26310863672451,0.34617479825207
"2x27",0.386071758583492,0.162482102975722,0.451446138440787
"2x28",0.304843285449244,0.106296685232217,0.588860029318539
"2x29",0.375929592737717,0.307049413116375,0.317020994145908
"2x30",0.344448511663722,0.250407108233487,0.405144380102791
"2x31",0.301488420341816,0.157399825753316,0.541111753904868
"2x32",0.35038836343946,0.246399140755328,0.403212495805211
"2x33",0.262403347994754,0.269107319714264,0.468489332290982
"2x34",0.384002513306671,0.244036405499732,0.371961081193597
"2x35",0.358055062213189,0.285544805456875,0.356400132329936
"2x36",0.216276591237502,0.203243722212786,0.580479686549712
"2x37",0.306776941719156,0.360452952817244,0.3327701054636
"2x38",0.31282492996911,0.126523377616753,0.560651692414136
"2x39",0.197660972003518,0.390242004849312,0.412097023147171
"2x40",0.279979237297854,0.24239125928126,0.477629503420886
"2x41",0.242526086428626,0.346921104065773,0.410552809505601
"2x42",0.222733529327178,0.308469397652018,0.468797073020804
"2x43",0.259774858971207,0.133223608506645,0.607001532522148
"2x44",0.243010002820162,0.342728290213305,0.414261706966533
"2x45",0.320368920573226,0.235051053850345,0.444580025576429
"2x46",0.220652761659658,0.21743980331692,0.561907435023421
"2x47",0.286264949364832,0.0895213921802748,0.624213658454893
"2x48",0.235776630999278,0.33065205443634,0.433571314564382
"2x49",0.241161001956891,0.296547818786227,0.462291179256882
"3x0",0.452121115129777,0.240876775633913,0.30700210923631
"3x1",0.399588625782926,0.486321143096326,0.114090231120748
"3x2",0.543021284709959,0.298461589638898,0.158517125651143
"3x3",0.510371244188113,0.382399807714329,0.107228948097558
"3x4",0.466013436710025,0.364332638626245,0.169653924663731
"3x5",0.440425408387824,0.441163651321986,0.11841094029019
"3x6",0.526305716912489,0.293425071646197,0.180269211441314
"3x7",0.505967035083944,0.322715447947446,0.17131751696861
"3x9",0.468692560359032,0.332435446027253,0.198871993613716
"3x10",0.489176123932973,0.360336749811271,0.150487126255756
"3x11",0.408929355146101,0.502629221714496,0.0884414231394031
"3x13",0.505901937402695,0.380376124013006,0.113721938584298
"3x15",0.489668052820301,0.322300880438186,0.188031066741513
"3x16",0.45096631107399,0.352005500964837,0.197028187961172
"3x17",0.467547311216722,0.28123922727493,0.251213461508348
"3x18",0.481976134407539,0.287134028561862,0.230889837030599
"3x19",0.415164756912681,0.353290570074766,0.231544673012553
"3x20",0.373131374413537,0.378588548081666,0.248280077504798
"3x21",0.317577260634729,0.263168137198435,0.419254602166836
"3x22",0.418856123943097,0.379627581574708,0.201516294482195
"3x23",0.529697821747675,0.174335693562122,0.295966484690203
"3x24",0.362395811611489,0.216636799055263,0.420967389333249
"3x25",0.240418151779783,0.220208954507075,0.539372893713142
"3x26",0.319029450894541,0.209546208205561,0.471424340899898
"3x27",0.356195144590505,0.234257434752079,0.409547420657416
"3x28",0.241041194166493,0.415925707595165,0.343033098238343
"3x29",0.284959557191645,0.324410422539427,0.390630020268928
"3x30",0.284702748232434,0.204055565864182,0.511241685903384
"3x31",0.314194977314607,0.0942496599559765,0.591555362729416
"3x32",0.373080261119459,0.291750316806296,0.335169422074245
"3x33",0.27576131522489,0.186588010429378,0.537650674345732
"3x34",0.236827048576896,0.160049860562845,0.603123090860259
"3x35",0.191192345459635,0.2318225220439,0.576985132496466
"3x36",0.354764973663207,0.219755606426975,0.425479419909818
"3x37",0.218128206061556,0.285080416475752,0.496791377462692
"3x38",0.281128967971113,0.263126953673712,0.455744078355175
"3x39",0.204372483624965,0.27312190582695,0.522505610548085
"3x40",0.197055476466998,0.172264704203077,0.630679819329925
"3x41",0.252391897021878,0.235088744226391,0.512519358751731
"3x42",0.281479283983867,0.230070681683617,0.488450034332516
"3x43",0.257228495738514,0.187657773517974,0.555113730743512
"3x44",0.28703547728425,0.323966845252133,0.388997677463616
"3x45",0.391428145617899,0.20084811784188,0.407723736540221
"3x46",0.342668221194894,0.179747994280502,0.477583784524604
"3x47",0.293681865840129,0.280808769528541,0.425509364631331
"3x48",0.415209342760007,0.190830757389356,0.393959899850637
"3x49",0.263675214895294,0.27826296023648,0.458061824868226
"4x0",0.431533742781942,0.385436102713194,0.183030154504864
"4x1",0.417509824545021,0.357980706539212,0.224509468915767
"4x2",0.451732986337238,0.31518392983318,0.233083083829581
"4x3",0.546150963198357,0.22157588281852,0.232273153983123
"4x4",0.601640512289298,0.307536875560625,0.0908226121500769
"4x5",0.475993708179521,0.37887135434398,0.145134937476499
"4x6",0.503811539212475,0.367554216011775,0.12863424477575
"4x7",0.445618680206413,0.362781397781662,0.191599922011926
"4x8",0.53616958378482,0.327828340720059,0.136002075495121
"4x9",0.469702027032977,0.341820913759296,0.188477059207727
"4x10",0.504361976675273,0.320948314596797,0.17468970872793
"4x11",0.431926570894119,0.431251459120649,0.136821969985232
"4x12",0.516939246809485,0.306679727609691,0.176381025580824
"4x13",0.532406038383967,0.345878289318921,0.121715672297112
"4x14",0.494565237518529,0.359869933526357,0.145564828955114
"4x15",0.472550129884531,0.397278389812357,0.130171480303112
"4x16",0.485304162587783,0.354154856233561,0.160540981178656
"4x17",0.517146031339643,0.282853041447893,0.200000927212464
"4x18",0.511770260774982,0.258259632248354,0.229970106976664
"4x19",0.437461695911242,0.243428371857337,0.31910993223142
"4x20",0.470586226312449,0.387660319950701,0.14175345373685
"4x21",0.379373647630639,0.349597567989287,0.271028784380075
"4x22",0.367927592290174,0.367028218080153,0.265044189629674
"4x23",0.288883568900659,0.293528362659989,0.417588068439352
"4x24",0.329043284963265,0.263275281696982,0.407681433339753
"4x25",0.422252637469247,0.258076555263912,0.319670807266842
"4x26",0.253934606463252,0.19800149420769,0.548063899329058
"4x27",0.370839746745051,0.231724911929113,0.397435341325836
"4x28",0.281555043499314,0.263267977041599,0.455176979459087
"4x29",0.234821073552249,0.199447420434621,0.565731506013129
"4x30",0.283249080919076,0.236538749243181,0.480212169837744
"4x31",0.110297101019587,0.46296633288107,0.426736566099343
"4x32",0.271194027392019,0.178496993343334,0.550308979264648
"4x33",0.354278962020369,0.144959450238618,0.500761587741012
"4x34",0.282902577480405,0.193761456601017,0.523335965918578
"4x35",0.303564275301749,0.217585804216043,0.478849920482208
"4x36",0.31905683580373,0.131767510495836,0.549175653700435
"4x37",0.331954922030192,0.140743217731189,0.527301860238619
"4x38",0.31932407979794,0.34594098829069,0.33473493191137
"4x39",0.177728867932072,0.393367228878349,0.428903903189579
"4x40",0.24704166206949,0.168287053820327,0.584671284110184
"4x41",0.287623149777329,0.235342694668515,0.477034155554156
"4x42",0.193160410189995,0.261586064394988,0.545253525415017
"4x43",0.279516970644572,0.23882517117306,0.481657858182369
"4x44",0.196699773249107,0.230820199294712,0.57248002745618
"4x45",0.318126742022303,0.286491636995389,0.395381620982309
"4x46",0.295258469090825,0.213749473697951,0.490992057211224
"4x47",0.283204823990082,0.249363552195278,0.467431623814641
"4x48",0.203147951676805,0.262858737880575,0.53399331044262
"4x49",0.268956324467526,0.267323116479697,0.463720559052776
"5x0",0.485597788491591,0.258329061733223,0.256073149775187
"5x1",0.498866884457541,0.227142299040693,0.273990816501766
"5x2",0.533793526242502,0.348656781176735,0.117549692580763
"5x3",0.53024532786071,0.294754638284312,0.175000033854978
"5x4",0.55733406747143,0.246014345037287,0.196651587491282
"5x5",0.600442914982589,0.196665810129666,0.202891274887745
"5x7",0.556094089281399,0.236955842044872,0.206950068673728
"5x8",0.525614814746711,0.327026853101895,0.147358332151394
"5x9",0.603899951127978,0.323131665934481,0.0729683829375409
"5x10",0.585130224433407,0.267642604457963,0.14722717110863
"5x11",0.505034276790122,0.352886338068206,0.142079385141672
"5x12",0.52146076602054,0.386309019828129,0.0922302141513308
"5x13",0.514962876113113,0.290910812302349,0.194126311584538
"5x14",0.505357787402162,0.344578769997356,0.150063442600482
"5x15",0.595923905912219,0.212784910786457,0.191291183301324
"5x16",0.517747582883041,0.281045572959028,0.201206844157931
"5x17",0.436642234236141,0.430493097227685,0.132864668536174
"5x18",0.297177761871929,0.399363764520179,0.303458473607892
"5x19",0.45430096210447,0.234542878643,0.31115615925253
"5x20",0.517796090662577,0.226019778141629,0.256184131195794
"5x21",0.340968920514811,0.457013163009828,0.202017916475361
"5x22",0.393554306581681,0.179873784583172,0.426571908835147
"5x23",0.270602797164598,0.338512229243954,0.390884973591448
"5x24",0.257940230791075,0.285000521833616,0.457059247375309
"5x25",0.290123120186002,0.196794290770155,0.513082589043842
"5x26",0.323165123173144,0.243886227570983,0.432948649255873
"5x27",0.358568345385684,0.296665254536427,0.344766400077889
"5x28",0.294254953477752,0.0880513846545102,0.617693661867738
"5x29",0.272605747025437,0.12432442399675,0.603069828977812
"5x30",0.258390456941408,0.271495394850627,0.470114148207966
"5x31",0.310216406444438,0.129214366576591,0.560569226978972
"5x32",0.328009879981037,0.266546276532042,0.405443843486921
"5x33",0.279511807507105,0.24678611170537,0.473702080787525
"5x34",0.197289622907812,0.190694577091606,0.612015800000582
"5x35",0.214833045066359,0.175412959879257,0.609753995054384
"5x36",0.305856904044321,0.224029560355371,0.470113535600308
"5x37",0.16984060807011,0.245939299153016,0.584220092776873
"5x38",0.270064878436055,0.234403847581109,0.495531273982836
"5x39",0.250501117106712,0.291611067199047,0.457887815694241
"5x40",0.204203827124872,0.311992969455332,0.483803203419796
"5x41",0.264756994420707,0.162538766328259,0.572704239251034
"5x42",0.236334555518271,0.153220345080085,0.610445099401644
"5x43",0.245088100831869,0.18811607457522,0.566795824592911
"5x44",0.193711387134481,0.283546553049643,0.522742059815876
"5x45",0.220002693531217,0.318382746911209,0.461614559557574
"5x46",0.281984027205758,0.286495079158376,0.431520893635867
"5x47",0.351453362226863,0.162943570661718,0.485603067111419
"5x48",0.277821579871178,0.226288136556379,0.495890283572443
"5x49",0.373153284888228,0.267965946284092,0.358880768827681
"6x0",0.517450768799009,0.262011556571932,0.220537674629059
"6x1",0.402981915869121,0.285438394506096,0.311579689624783
"6x2",0.41758586792319,0.445117372761611,0.137296759315198
"6x3",0.561745688744029,0.275204744782205,0.163049566473766
"6x4",0.535953331973489,0.304121884407971,0.15992478361854
"6x5",0.502788954377503,0.293542453558769,0.203668592063728
"6x8",0.304168308759549,0.562624589521879,0.133207101718572
"6x9",0.453811356361202,0.338546662326661,0.207641981312137
"6x10",0.439065676343942,0.383537411920408,0.17739691173565
"6x11",0.436930055362023,0.383911338127491,0.179158606510486
"6x12",0.566243609403852,0.26918473406652,0.164571656529628
"6x13",0.530993677033002,0.313911810155425,0.155094512811573
"6x15",0.499977906485696,0.315259809359788,0.184762284154516
"6x16",0.540337268694232,0.301454867581024,0.158207863724744
"6x17",0.445351793653096,0.371427377972494,0.18322082837441
"6x19",0.520817964350865,0.205173039892762,0.274008995756373
"6x20",0.520023281026154,0.30709662356194,0.172880095411905
"6x21",0.525612947827856,0.154455699327192,0.319931352844953
"6x22",0.411879361930167,0.2821814651501,0.305939172919733
"6x23",0.343767597959875,0.142386510152798,0.513845891887326
"6x24",0.473970241986123,0.208439652506716,0.317590105507161
"6x25",0.284697913460912,0.32553449316301,0.389767593376079
"6x26",0.309842415602273,0.220500777255528,0.469656807142199
"6x27",0.240958067177342,0.319800938671326,0.439240994151332
"6x28",0.288537813381067,0.24739913200905,0.464063054609884
"6x29",0.367635820616039,0.251347856001315,0.381016323382646
"6x30",0.327907268043177,0.189679894245703,0.48241283771112
"6x31",0.282361605040695,0.244401887910444,0.473236507048861
"6x32",0.196676735811119,0.160198425513424,0.643124838675457
"6x33",0.20720166124861,0.232504497526704,0.560293841224685
"6x34",0.279423866765289,0.133026355030937,0.587549778203774
"6x35",0.285003226192082,0.265361844212331,0.449634929595587
"6x36",0.316534605061375,0.157169426972653,0.526295967965972
"6x37",0.229553622990579,0.257123010250717,0.513323366758704
"6x38",0.252796924756116,0.266416012895702,0.480787062348182
"6x39",0.399208597936844,0.15980028726542,0.440991114797735
"6x40",0.260035672134391,0.217452371026046,0.522511956839563
"6x41",0.14677590089031,0.281944688965207,0.571279410144483
"6x42",0.266565475687687,0.205805930902758,0.527628593409555
"6x43",0.195558518544814,0.292268910712917,0.512172570742269
"6x44",0.288165626787542,0.298942355261258,0.412892017951201
"6x45",0.209912499145452,0.266498354168626,0.523589146685922
"6x46",0.216903704865025,0.168412464128111,0.614683831006864
"6x47",0.251177376374612,0.229538821456031,0.519283802169357
"6x48",0.335211829723066,0.217136052723978,0.447652117552957
"6x49",0.256531638971101,0.254960637718141,0.488507723310758
"7x0",0.505097128408544,0.335321341503553,0.159581530087903
"7x1",0.363666091486122,0.392723786454396,0.243610122059482
"7x2",0.504630413596875,0.333695521574313,0.161674064828812
"7x5",0.539911628288644,0.306489391642323,0.153598980069034
"7x6",0.466065652500516,0.427610690234736,0.106323657264748
"7x7",0.493951401271579,0.393475029241042,0.112573569487378
"7x8",0.50416441261231,0.405720286628192,0.0901153007594985
"7x9",0.391781243717583,0.492990147914435,0.115228608367982
"7x10",0.480212668072199,0.362888186933377,0.156899144994425
"7x11",0.396454670293583,0.484811012952666,0.118734316753751
"7x13",0.523818589064087,0.28478031073079,0.191401100205123
"7x14",0.488652548291675,0.345153495406094,0.166193956302231
"7x15",0.453037029112139,0.389499636122073,0.157463334765788
"7x16",0.51501897170258,0.316415594456182,0.168565433841238
"7x17",0.465421246918772,0.434332826158919,0.100245926922309
"7x18",0.490355147303501,0.337711292554165,0.171933560142334
"7x19",0.437830534471231,0.227487804651696,0.334681660877072
"7x20",0.409594553576388,0.382886185938815,0.207519260484797
"7x21",0.466245124479367,0.246495649897279,0.287259225623354
"7x22",0.417229087431393,0.220928481903789,0.361842430664818
"7x23",0.425715501718303,0.199776915205304,0.374507583076393
"7x24",0.435299076586461,0.285015120316568,0.279685803096971
"7x25",0.335890849116322,0.216727972324401,0.447381178559277
"7x26",0.23577172484047,0.218747313396302,0.545480961763228
"7x27",0.245887368299853,0.242548615242481,0.511564016457666
"7x28",0.178393847678131,0.201471815880079,0.620134336441789
"7x29",0.23243886245672,0.169093829403237,0.598467308140043
"7x30",0.249933737830251,0.270373071754824,0.479693190414925
"7x31",0.358404718606818,0.204836951134178,0.436758330259004
"7x32",0.298433432471834,0.05374609313726,0.647820474390907
"7x33",0.214552635604282,0.224277900117012,0.561169464278705
"7x34",0.145948019701745,0.279715148152819,0.574336832145436
"7x35",0.246368648656905,0.225240756008614,0.528390595334481
"7x36",0.194607419867545,0.280071306336331,0.525321273796124
"7x37",0.218544454234981,0.153198158321139,0.62825738744388
"7x38",0.167432562949884,0.20880759481745,0.623759842232667
"7x39",0.348455825556723,0.25002892019842,0.401515254244858
"7x40",0.230417159229376,0.265507547503945,0.504075293266679
"7x41",0.285234026330028,0.219745941456295,0.495020032213677
"7x42",0.293770544402504,0.170508406703398,0.535721048894098
"7x43",0.34279987296448,0.239338673262802,0.417861453772718
"7x44",0.241508526779385,0.276976177362627,0.481515295857988
"7x45",0.32195008628754,0.160402529725407,0.517647383987052
"7x46",0.219418463771044,0.101937894623191,0.678643641605765
"7x47",0.185265242863008,0.264406993185353,0.550327763951639
"7x48",0.307482197998651,0.286429588799494,0.406088213201855
"7x49",0.29387258340625,0.411189209831176,0.294938206762574
"8x0",0.546947167285394,0.25962227963232,0.193430553082286
"8x1",0.552967328492767,0.236048294343909,0.210984377163324
"8x2",0.541261001040978,0.250208897558687,0.208530101400335
"8x3",0.476933730629746,0.429627858515965,0.0934384108542893
"8x4",0.454447332420714,0.397007614400623,0.148545053178663
"8x5",0.473720038103661,0.380780336256378,0.145499625639961
"8x6",0.460835051196013,0.353391021794822,0.185773927009165
"8x7",0.564742904609585,0.27021880356012,0.165038291830295
"8x8",0.557107423735263,0.282216768036452,0.160675808228286
"8x9",0.399343130859594,0.44776532334042,0.152891545799986
"8x10",0.588422285027946,0.29169286484086,0.119884850131194
"8x11",0.57907420956047,0.222757670790291,0.198168119649239
"8x12",0.48352623440579,0.373756352160379,0.142717413433831
"8x13",0.503132936710149,0.353426954648336,0.143440108641514
"8x14",0.654505078437535,0.185949253105273,0.159545668457192
"8x15",0.486512559117378,0.279660096074745,0.233827344807877
"8x17",0.450211392752963,0.349092497782434,0.200696109464603
"8x18",0.433512013876325,0.368061649996898,0.198426336126777
"8x19",0.424760295755497,0.271265394162027,0.303974310082476
"8x20",0.467041884371474,0.19460737592161,0.338350739706916
"8x21",0.261039062948689,0.313884702952136,0.425076234099175
"8x22",0.335538667009517,0.28198036831748,0.382480964673003
"8x23",0.305097962729235,0.318933669676731,0.375968367594034
"8x24",0.342530812946007,0.283889400290657,0.373579786763336
"8x25",0.338351935220365,0.198678565501116,0.462969499278519
"8x26",0.262868949914006,0.1879041842197,0.549226865866294
"8x27",0.42586521542973,0.164009574467213,0.410125210103057
"8x28",0.243586846644571,0.193067151711703,0.563346001643725
"8x29",0.174631720111123,0.236091435962414,0.589276843926463
"8x30",0.173520866249566,0.291355532066269,0.535123601684165
"8x31",0.19270303418571,0.27248713725026,0.53480982856403
"8x32",0.199602609218567,0.139821727113695,0.660575663667738
"8x33",0.209474585505216,0.205478115986616,0.585047298508168
"8x34",0.171294128908308,0.16533460337195,0.663371267719742
"8x35",0.318635730464045,0.165682251748248,0.515682017787707
"8x36",0.398780672696097,0.176352492429742,0.424866834874161
"8x37",0.257658473780133,0.18526913735941,0.557072388860457
"8x38",0.300222325493862,0.178254778019188,0.52152289648695
"8x39",0.295069077971017,0.217543430838743,0.487387491190241
"8x40",0.349414190504097,0.0525124633794411,0.598073346116462
"8x41",0.105416542147361,0.416694826449565,0.477888631403074
"8x42",0.232618181691924,0.144659375995269,0.622722442312807
"8x43",0.225083011588055,0.347640175348142,0.427276813063803
"8x44",0.215899481255992,0.132766393386882,0.651334125357126
"8x45",0.211689152297705,0.282108176505721,0.506202671196574
"8x46",0.208447551988864,0.168631377738603,0.622921070272532
"8x47",0.310591972316497,0.236436578545563,0.45297144913794
"8x48",0.375114682685213,0.184725620236636,0.440159697078151
"8x49",0.176909110161677,0.388371588041219,0.434719301797104
"9x0",0.462992894611641,0.320362758579285,0.216644346809074
"9x1",0.608252651245075,0.211573350795213,0.180173997959712
"9x2",0.496723231023614,0.293825579496035,0.209451189480351
"9x3",0.470384405585763,0.345060364124287,0.18455523028995
"9x4",0.539221709257163,0.301990519935442,0.158787770807395
"9x5",0.435444986282351,0.47538857570613,0.0891664380115197
"9x7",0.486374016707089,0.357566349270043,0.156059634022868
"9x8",0.573182442921893,0.254968158271862,0.171849398806245
"9x9",0.555291282189585,0.252296155868653,0.192412561941762
"9x10",0.541625475636956,0.247651890052257,0.210722634310787
"9x11",0.433750696060087,0.429998606611942,0.136250697327971
"9x12",0.507587891974376,0.338873828189128,0.153538279836496
"9x14",0.451857786107132,0.445244230019833,0.102897983873035
"9x15",0.483647825991921,0.35405424688314,0.162297927124939
"9x17",0.507566285464252,0.352487189764752,0.139946524770996
"9x18",0.573385046354479,0.22096477073652,0.205650182909001
"9x19",0.492025456800658,0.374896570748518,0.133077972450823
"9x20",0.395710834379699,0.282909042891762,0.321380122728539
"9x21",0.428423749825801,0.23499517464048,0.336581075533719
"9x22",0.455114338511111,0.291818433326914,0.253067228161975
"9x23",0.390201061994358,0.249600873173444,0.360198064832198
"9x24",0.271121751316862,0.16059805234363,0.568280196339508
"9x25",0.278521975649309,0.19041089353569,0.531067130815002
"9x26",0.33846056700707,0.263965339202824,0.397574093790106
"9x27",0.321709463410127,0.179680264456591,0.498610272133282
"9x28",0.194025028069073,0.147630420775582,0.658344551155345
"9x29",0.259636408771385,0.232908136923,0.507455454305615
"9x30",0.276535435346287,0.230751199138023,0.49271336551569
"9x31",0.111453800375947,0.195058430729583,0.69348776889447
"9x32",0.208219831597222,0.109949074021884,0.681831094380895
"9x33",0.244393119036458,0.131628009756803,0.623978871206739
"9x34",0.180908264301833,0.172955566153274,0.646136169544893
"9x35",0.177364339644336,0.221849793691521,0.600785866664143
"9x36",0.181686423733225,0.219015622130569,0.599297954136206
"9x37",0.194398993698351,0.307491934706901,0.498109071594748
"9x38",0.142353812472653,0.0932339690627097,0.764412218464637
"9x39",0.14143694835087,0.163086713398198,0.695476338250932
"9x40",0.267919143077682,0.202977289187056,0.529103567735262
"9x41",0.200290677721138,0.213336512917403,0.586372809361459
"9x42",0.145432134774157,0.177852935374748,0.676714929851094
"9x43",0.223383784261052,0.330217967873847,0.446398247865101
"9x44",0.247588347947873,0.15575166333579,0.596659988716337
"9x45",0.182527369825517,0.158158971549849,0.659313658624635
"9x46",0.266803631164705,0.253330046948257,0.479866321887038
"9x47",0.187161336676207,0.146860228155606,0.665978435168186
"9x48",0.238341859611719,0.155963793082656,0.605694347305625
"9x49",0.203170040513796,0.222769785591172,0.574060173895031
"10x0",0.36527387574556,0.428313500074203,0.206412624180237
"10x1",0.452706742785443,0.381533125857046,0.165760131357511
"10x2",0.504635305030284,0.29753750366077,0.197827191308946
"10x3",0.446968944355789,0.458062486617409,0.0949685690268012
"10x4",0.474026269143286,0.317046520257984,0.20892721059873
"10x5",0.526305578362441,0.349479499614459,0.1242149220231
"10x6",0.506354565161726,0.320946050087245,0.172699384751029
"10x7",0.498366991290244,0.343502459482347,0.158130549227409
"10x8",0.45574880347442,0.370466127069816,0.173785069455764
"10x9",0.499434111525793,0.294823236031488,0.205742652442719
"10x11",0.417865965994789,0.452178732078859,0.129955301926352
"10x12",0.460734337584622,0.36911763280773,0.170148029607648
"10x13",0.457879138826189,0.362463520239131,0.179657340934679
"10x14",0.533855393229586,0.269175261950919,0.196969344819494
"10x15",0.535963160365489,0.264329475630258,0.199707364004253
"10x16",0.50143808316676,0.312142970690121,0.186418946143119
"10x17",0.552871118495933,0.272611569792717,0.17451731171135
"10x18",0.523910736470572,0.303035678846481,0.173053584682946
"10x19",0.408058070122247,0.488416382304877,0.103525547572875
"10x20",0.305804277170075,0.478981599544327,0.215214123285598
"10x21",0.429793410510745,0.213389499131966,0.35681709035729
"10x22",0.346947916560153,0.2547249926235,0.398327090816347
"10x23",0.290821719480038,0.248288671363995,0.460889609155967
"10x24",0.235889132251393,0.224650370256866,0.539460497491742
"10x25",0.201085867747152,0.190642011756007,0.608272120496841
"10x26",0.287948972638775,0.127603289590482,0.584447737770744
"10x27",0.277389252523763,0.129696608655403,0.592914138820834
"10x28",0.139586150447441,0.21534838472409,0.645065464828469
"10x29",0.221526220831052,0.112387525095867,0.666086254073081
"10x30",0.128490556079426,0.151711485100019,0.719797958820555
"10x31",0.217815980162961,0.136689498512754,0.645494521324284
"10x32",0.269900102811267,0.019708285661947,0.710391611526786
"10x33",0.366925103843852,0.262841965959388,0.37023293019676
"10x34",0.208428384210312,0.0914347147105758,0.700136901079112
"10x35",0.20076277876758,0.106519001856023,0.692718219376398
"10x36",0.166114353406461,0.259792992490095,0.574092654103445
"10x37",0.29537684137846,0.236670902170085,0.467952256451454
"10x38",0.276528472368722,0.144659235795359,0.578812291835919
"10x39",0.167451106560631,0.171375823721315,0.661173069718053
"10x40",0.223992851518075,0.217339133391749,0.558668015090176
"10x41",0.245885030812818,0.127525145710089,0.626589823477093
"10x42",0.208105984666341,0.278053797652889,0.513840217680771
"10x43",0.244591276386351,0.307244902290324,0.448163821323325
"10x44",0.301655939804222,0.208769229269858,0.48957483092592
"10x45",0.172064802462143,0.246593158806187,0.58134203873167
"10x46",0.35825741800786,0.132096154009747,0.509646427982392
"10x47",0.267668468956414,0.121640481326539,0.610691049717047
"10x48",0.150242021447292,0.297070087905336,0.552687890647373
"10x49",0.238367308740588,0.287152668295478,0.474480022963934
"11x0",0.437830130632988,0.344673594484141,0.217496274882871
"11x1",0.293530095772675,0.410561088652785,0.295908815574541
"11x2",0.434453735678505,0.450416440704457,0.115129823617037
"11x3",0.435696252406699,0.448932884554652,0.115370863038649
"11x4",0.496163105327003,0.325738267473004,0.178098627199994
"11x5",0.574115295698795,0.253128210916653,0.172756493384552
"11x6",0.542460356426771,0.28867198105771,0.168867662515519
"11x7",0.452194639525347,0.42852900012472,0.119276360349932
"11x8",0.495745547675957,0.306022512063179,0.198231940260864
"11x9",0.616716069637591,0.232008352371577,0.151275577990831
"11x10",0.472239421699808,0.268395008013346,0.259365570286846
"11x11",0.554953928929739,0.284249226734702,0.160796844335559
"11x12",0.488549194289813,0.410361221523623,0.101089584186564
"11x13",0.544646414887829,0.291152820613247,0.164200764498924
"11x14",0.522206012997641,0.298742727170558,0.179051259831801
"11x15",0.463473950808418,0.379108099568513,0.157417949623068
"11x16",0.481938905839173,0.337852730014904,0.180208364145923
"11x17",0.55135925408945,0.299609505420796,0.149031240489754
"11x18",0.532301531364006,0.357284868970001,0.110413599665993
"11x19",0.473044121199207,0.214630458350171,0.312325420450621
"11x20",0.346104809688467,0.267184941126357,0.386710249185176
"11x21",0.398709249898304,0.345025759645711,0.256264990455985
"11x22",0.473896071875629,0.225801083649986,0.300302844474385
"11x23",0.259161178728838,0.362109062470742,0.37872975880042
"11x24",0.249673368858422,0.213152100951006,0.537174530190571
"11x25",0.229018240504185,0.263430334514579,0.507551424981236
"11x26",0.236194660391539,0.127323896425922,0.63648144318254
"11x27",0.157905822560914,0.199274064498283,0.642820112940803
"11x28",0.279389574010332,0.118135147716253,0.602475278273414
"11x29",0.305592026455832,0.119732401930622,0.574675571613546
"11x30",0.111212060260711,0.175811007582203,0.712976932157086
"11x31",0.172661732494421,0.215604381024147,0.611733886481432
"11x32",0.314459042592773,0.131445732412169,0.554095224995058
"11x33",0.196698868997235,0.0691466059019342,0.73415452510083
"11x34",0.174613127659321,0.051093785577477,0.774293086763202
"11x35",0.18622374662731,0.133656003414337,0.680120249958353
"11x36",0.220595749166376,0.160181760264132,0.619222490569491
"11x37",0.1647025618454,0.20998418721039,0.625313250944211
"11x38",0.193063311586683,0.27113461541224,0.535802073001077
"11x39",0.252023437092294,0.217236089652257,0.530740473255449
"11x40",0.172444947411606,0.190250634806952,0.637304417781442
"11x41",0.328263914638644,0.183945863735809,0.487790221625546
"11x42",0.27190521052864,0.0505215937308565,0.677573195740503
"11x43",0.286726226326872,0.195338300379617,0.517935473293511
"11x44",0.246379695283363,0.211676382973283,0.541943921743354
"11x45",0.238102259141247,0.254273347391878,0.507624393466875
"11x46",0.170151196616477,0.332112149810266,0.497736653573257
"11x47",0.29951380799672,0.233936448081711,0.466549743921569
"11x48",0.194507258367055,0.308123383364485,0.49736935826846
"11x49",0.189870191854043,0.372200462674174,0.437929345471783
"12x0",0.522128458022229,0.235642627607277,0.242228914370494
"12x1",0.47204952486474,0.323640111560628,0.204310363574632
"12x2",0.465852442732456,0.274758131804424,0.25938942546312
"12x3",0.541911746511422,0.228264883913847,0.229823369574732
"12x4",0.55670062883333,0.236007944849518,0.207291426317152
"12x5",0.466618824977007,0.356432262671916,0.176948912351077
"12x6",0.487586465840771,0.420125478847553,0.0922880553116756
"12x8",0.463647736708947,0.36904777816256,0.167304485128492
"12x9",0.474666363049001,0.369235081157188,0.156098555793811
"12x10",0.524261355667312,0.338273615548216,0.137465028784472
"12x11",0.407707075830416,0.433013135465976,0.159279788703609
"12x12",0.609231553472226,0.234508862260845,0.156259584266929
"12x13",0.638673884784821,0.14476341036106,0.216562704854119
"12x14",0.54972703556412,0.292663069389585,0.157609895046294
"12x15",0.540314632904352,0.363843559860782,0.0958418072348659
"12x16",0.469299739043864,0.400659181874142,0.130041079081995
"12x17",0.449791481136372,0.390453209680858,0.15975530918277
"12x18",0.543339788179,0.204350444375729,0.252309767445271
"12x19",0.420739834531815,0.398319253001383,0.180940912466802
"12x20",0.438312317913298,0.246327552447227,0.315360129639476
"12x21",0.388105782891971,0.260003237257284,0.351890979850744
"12x22",0.440141295847163,0.185329651792443,0.374529052360393
"12x23",0.292551810152672,0.247756476575219,0.459691713272109
"12x24",0.182705872953109,0.156531363851977,0.660762763194914
"12x25",0.162949441848865,0.126921869786866,0.710128688364269
"12x26",0.241703245859737,0.154771226668613,0.603525527471649
"12x27",0.260271399729304,0.132764285395039,0.606964314875657
"12x28",0.14886586952786,0.0804854384749973,0.770648691997143
"12x29",0.185217819417672,0.142629762416947,0.67215241816538
"12x30",0.131126852587204,0.126245291898173,0.742627855514623
"12x31",0.102851015128193,0.207595587132938,0.689553397738869
"12x32",0.143365178690943,0.217583232113975,0.639051589195082
"12x33",0.262548305732172,0.126021638027892,0.611430056239936
"12x34",0.187855616863312,0.144371252068073,0.667773131068615
"12x35",0.109666134596846,0.340836416852622,0.549497448550531
"12x36",0.241565079567892,0.0728642165402098,0.685570703891898
"12x37",0.268176041997181,0.199729629168403,0.532094328834416
"12x38",0.186064991737852,0.172384883297899,0.641550124964249
"12x39",0.18239069049242,0.0803926729593453,0.737216636548235
"12x40",0.268101115522336,0.246529438254053,0.485369446223611
"12x41",0.252315640048856,0.132758962882317,0.614925397068827
"12x42",0.173633193280076,0.302172364853871,0.524194441866053
"12x43",0.283149316679005,0.234122779742301,0.482727903578695
"12x44",0.202613681104524,0.262708102245179,0.534678216650297
"12x45",0.293699914898847,0.206884502577919,0.499415582523234
"12x46",0.154844239443992,0.394406281175719,0.45074947938029
"12x47",0.270749072733036,0.165180555922164,0.5640703713448
"12x48",0.304442567970251,0.212129228644142,0.483428203385607
"12x49",0.284570444986648,0.246515497268468,0.468914057744884
"13x0",0.543537538587761,0.307030917970808,0.149431543441431
"13x1",0.502394308095935,0.375178515836004,0.122427176068062
